-0.001
0.001
0.002
0.003
0.004
0.005
0.006
0.007
0.008
0.009
0.011
0.012
0.013
0.014
0.015
0.016
0.017
0.018
0.019
0.021
0.022
0.023
0.024
0.025
0.026
0.027
0.028
0.029
0.031
0.032
0.033
0.034
0.035
0.036
0.037
0.038
0.039
0.041
0.042
0.043
0.044
0.045
0.046
0.047
0.048
0.049
0.051
0.052
0.053
0.054
0.055
0.056
0.057
0.058
0.059
0.061
0.062
0.063
0.064
0.065
0.066
0.067
0.068
0.069
0.071
0.072
0.073
0.074
0.075
0.076
0.077
0.078
0.079
0.081
0.082
0.083
0.084
0.085
0.086
0.087
0.088
0.089
0.091
0.092
0.093
0.094
0.095
0.096
0.097
0.098
0.099
0.101
0.102
0.103
0.104
0.105
0.106
0.107
0.108
0.109
0.111
0.112
0.113
0.114
0.115
0.116
0.117
0.118
0.119
0.121
0.122
0.123
0.124
0.125
0.126
0.127
0.128
0.129
0.131
0.132
0.133
0.134
0.135
0.136
0.137
0.138
0.139
0.141
0.142
0.143
0.144
0.145
0.146
0.147
0.148
0.149
0.151
0.152
0.153
0.154
0.155
0.156
0.157
0.158
0.159
0.161
0.162
0.163
0.164
0.165
0.166
0.167
0.168
0.169
0.171
0.172
0.173
0.174
0.175
0.176
0.177
0.178
0.179
0.181
0.182
0.183
0.184
0.185
0.186
0.187
0.188
0.189
0.191
0.192
0.193
0.194
0.195
0.196
0.197
0.198
0.199
0.201
0.202
0.203
0.204
0.205
0.206
0.207
0.208
0.209
0.211
0.212
0.213
0.214
0.215
0.216
0.217
0.218
0.219
0.221
0.222
0.223
0.224
0.225
0.226
0.227
0.228
0.229
0.231
0.232
0.233
0.234
0.235
0.236
0.237
0.238
0.239
0.241
0.242
0.243
0.244
0.245
0.246
0.247
0.248
0.249
0.251
0.252
0.253
0.254
0.255
0.256
0.257
0.258
0.259
0.261
0.262
0.263
0.264
0.265
0.266
0.267
0.268
0.269
0.271
0.272
0.273
0.274
0.275
0.276
0.277
0.278
0.279
0.281
0.282
0.283
0.284
0.285
0.286
0.287
0.288
0.289
0.291
0.292
0.293
0.294
0.295
0.296
0.297
0.298
0.299
0.301
0.302
0.303
0.304
0.305
0.306
0.307
0.308
0.309
0.311
0.312
0.313
0.314
0.315
0.316
0.317
0.318
0.319
0.321
0.322
0.323
0.324
0.325
0.326
0.327
0.328
0.329
0.331
0.332
0.333
0.334
0.335
0.336
0.337
0.338
0.339
0.341
0.342
0.343
0.344
0.345
0.346
0.347
0.348
0.349
0.351
0.352
0.353
0.354
0.355
0.356
0.357
0.358
0.359
0.361
0.362
0.363
0.364
0.365
0.366
0.367
0.368
0.369
0.371
0.372
0.373
0.374
0.375
0.376
0.377
0.378
0.379
0.381
0.382
0.383
0.384
0.385
0.386
0.387
0.388
0.389
0.391
0.392
0.393
0.394
0.395
0.396
0.397
0.398
0.399
0.401
0.402
0.403
0.404
0.405
0.406
0.407
0.408
0.409
0.411
0.412
0.413
0.414
0.415
0.416
0.417
0.418
0.419
0.421
0.422
0.423
0.424
0.425
0.426
0.427
0.428
0.429
0.431
0.432
0.433
0.434
0.435
0.436
0.437
0.438
0.439
0.441
0.442
0.443
0.444
0.445
0.446
0.447
0.448
0.449
0.451
0.452
0.453
0.454
0.455
0.456
0.457
0.458
0.459
0.461
0.462
0.463
0.464
0.465
0.466
0.467
0.468
0.469
0.471
0.472
0.473
0.474
0.475
0.476
0.477
0.478
0.479
0.481
0.482
0.483
0.484
0.485
0.486
0.487
0.488
0.489
0.491
0.492
0.493
0.494
0.495
0.496
0.497
0.498
0.499
0.501
0.502
0.503
0.504
0.505
0.506
0.507
0.508
0.509
0.511
0.512
0.513
0.514
0.515
0.516
0.517
0.518
0.519
0.521
0.522
0.523
0.524
0.525
0.526
0.527
0.528
0.529
0.531
0.532
0.533
0.534
0.535
0.536
0.537
0.538
0.539
0.541
0.542
0.543
0.544
0.545
0.546
0.547
0.548
0.549
0.551
0.552
0.553
0.554
0.555
0.556
0.557
0.558
0.559
0.561
0.562
0.563
0.564
0.565
0.566
0.567
0.568
0.569
0.571
0.572
0.573
0.574
0.575
0.576
0.577
0.578
0.579
0.581
0.582
0.583
0.584
0.585
0.586
0.587
0.588
0.589
0.591
0.592
0.593
0.594
0.595
0.596
0.597
0.598
0.599
0.601
0.602
0.603
0.604
0.605
0.606
0.607
0.608
0.609
0.611
0.612
0.613
0.614
0.615
0.616
0.617
0.618
0.619
0.621
0.622
0.623
0.624
0.625
0.626
0.627
0.628
0.629
0.631
0.632
0.633
0.634
0.635
0.636
0.637
0.638
0.639
0.641
0.642
0.643
0.644
0.645
0.646
0.647
0.648
0.649
0.651
0.652
0.653
0.654
0.655
0.656
0.657
0.658
0.659
0.661
0.662
0.663
0.664
0.665
0.666
0.667
0.668
0.669
0.671
0.672
0.673
0.674
0.675
0.676
0.677
0.678
0.679
0.681
0.682
0.683
0.684
0.685
0.686
0.687
0.688
0.689
0.691
0.692
0.693
0.694
0.695
0.696
0.697
0.698
0.699
0.701
0.702
0.703
0.704
0.705
0.706
0.707
0.708
0.709
0.711
0.712
0.713
0.714
0.715
0.716
0.717
0.718
0.719
0.721
0.722
0.723
0.724
0.725
0.726
0.727
0.728
0.729
0.731
0.732
0.733
0.734
0.735
0.736
0.737
0.738
0.739
0.741
0.742
0.743
0.744
0.745
0.746
0.747
0.748
0.749
0.751
0.752
0.753
0.754
0.755
0.756
0.757
0.758
0.759
0.761
0.762
0.763
0.764
0.765
0.766
0.767
0.768
0.769
0.771
0.772
0.773
0.774
0.775
0.776
0.777
0.778
0.779
0.781
0.782
0.783
0.784
0.785
0.786
0.787
0.788
0.789
0.791
0.792
0.793
0.794
0.795
0.796
0.797
0.798
0.799
0.801
0.802
0.803
0.804
0.805
0.806
0.807
0.808
0.809
0.811
0.812
0.813
0.814
0.815
0.816
0.817
0.818
0.819
0.821
0.822
0.823
0.824
0.825
0.826
0.827
0.828
0.829
0.831
0.832
0.833
0.834
0.835
0.836
0.837
0.838
0.839
0.841
0.842
0.843
0.844
0.845
0.846
0.847
0.848
0.849
0.851
0.852
0.853
0.854
0.855
0.856
0.857
0.858
0.859
0.861
0.862
0.863
0.864
0.865
0.866
0.867
0.868
0.869
0.871
0.872
0.873
0.874
0.875
0.876
0.877
0.878
0.879
0.881
0.882
0.883
0.884
0.885
0.886
0.887
0.888
0.889
0.891
0.892
0.893
0.894
0.895
0.896
0.897
0.898
0.899
0.901
0.902
0.903
0.904
0.905
0.906
0.907
0.908
0.909
0.911
0.912
0.913
0.914
0.915
0.916
0.917
0.918
0.919
0.921
0.922
0.923
0.924
0.925
0.926
0.927
0.928
0.929
0.931
0.932
0.933
0.934
0.935
0.936
0.937
0.938
0.939
0.941
0.942
0.943
0.944
0.945
0.946
0.947
0.948
0.949
0.951
0.952
0.953
0.954
0.955
0.956
0.957
0.958
0.959
0.961
0.962
0.963
0.964
0.965
0.966
0.967
0.968
0.969
0.971
0.972
0.973
0.974
0.975
0.976
0.977
0.978
0.979
0.981
0.982
0.983
0.984
0.985
0.986
0.987
0.988
0.989
0.991
0.992
0.993
0.994
0.995
0.996
0.997
0.998
0.999
1.001
1.002
1.003
1.004
1.005
1.006
1.007
1.008
1.009
1.011
1.012
1.013
1.014
1.015
1.016
1.017
1.018
1.019
1.021
1.022
1.023
1.024
1.025
1.026
1.027
1.028
1.029
1.031
1.032
1.033
1.034
1.035
1.036
1.037
1.038
1.039
1.041
1.042
1.043
1.044
1.045
1.046
1.047
1.048
1.049
1.051
1.052
1.053
1.054
1.055
1.056
1.057
1.058
1.059
1.061
1.062
1.063
1.064
1.065
1.066
1.067
1.068
1.069
1.071
1.072
1.073
1.074
1.075
1.076
1.077
1.078
1.079
1.081
1.082
1.083
1.084
1.085
1.086
1.087
1.088
1.089
1.091
1.092
1.093
1.094
1.095
1.096
1.097
1.098
1.099
1.101
1.102
1.103
1.104
1.105
1.106
1.107
1.108
1.109
1.111
1.112
1.113
1.114
1.115
1.116
1.117
1.118
1.119
1.121
1.122
1.123
1.124
1.125
1.126
1.127
1.128
1.129
1.131
1.132
1.133
1.134
1.135
1.136
1.137
1.138
1.139
1.141
1.142
1.143
1.144
1.145
1.146
1.147
1.148
1.149
1.151
1.152
1.153
1.154
1.155
1.156
1.157
1.158
1.159
1.161
1.162
1.163
1.164
1.165
1.166
1.167
1.168
1.169
1.171
1.172
1.173
1.174
1.175
1.176
1.177
1.178
1.179
1.181
1.182
1.183
1.184
1.185
1.186
1.187
1.188
1.189
1.191
1.192
1.193
1.194
1.195
1.196
1.197
1.198
1.199
1.201
1.202
1.203
1.204
1.205
1.206
1.207
1.208
1.209
1.211
1.212
1.213
1.214
1.215
1.216
1.217
1.218
1.219
1.221
1.222
1.223
1.224
1.225
1.226
1.227
1.228
1.229
1.231
1.232
1.233
1.234
1.235
1.236
1.237
1.238
1.239
1.241
1.242
1.243
1.244
1.245
1.246
1.247
1.248
1.249
1.251
1.252
1.253
1.254
1.255
1.256
1.257
1.258
1.259
1.261
1.262
1.263
1.264
1.265
1.266
1.267
1.268
1.269
1.271
1.272
1.273
1.274
1.275
1.276
1.277
1.278
1.279
1.281
1.282
1.283
1.284
1.285
1.286
1.287
1.288
1.289
1.291
1.292
1.293
1.294
1.295
1.296
1.297
1.298
1.299
1.301
1.302
1.303
1.304
1.305
1.306
1.307
1.308
1.309
1.311
1.312
1.313
1.314
1.315
1.316
1.317
1.318
1.319
1.321
1.322
1.323
1.324
1.325
1.326
1.327
1.328
1.329
1.331
1.332
1.333
1.334
1.335
1.336
1.337
1.338
1.339
1.341
1.342
1.343
1.344
1.345
1.346
1.347
1.348
1.349
1.351
1.352
1.353
1.354
1.355
1.356
1.357
1.358
1.359
1.361
1.362
1.363
1.364
1.365
1.366
1.367
1.368
1.369
1.371
1.372
1.373
1.374
1.375
1.376
1.377
1.378
1.379
1.381
1.382
1.383
1.384
1.385
1.386
1.387
1.388
1.389
1.391
1.392
1.393
1.394
1.395
1.396
1.397
1.398
1.399
1.401
1.402
1.403
1.404
1.405
1.406
1.407
1.408
1.409
1.411
1.412
1.413
1.414
1.415
1.416
1.417
1.418
1.419
1.421
1.422
1.423
1.424
1.425
1.426
1.427
1.428
1.429
1.431
1.432
1.433
1.434
1.435
1.436
1.437
1.438
1.439
1.441
1.442
1.443
1.444
1.445
1.446
1.447
1.448
1.449
1.451
1.452
1.453
1.454
1.455
1.456
1.457
1.458
1.459
1.461
1.462
1.463
1.464
1.465
1.466
1.467
1.468
1.469
1.471
1.472
1.473
1.474
1.475
1.476
1.477
1.478
1.479
1.481
1.482
1.483
1.484
1.485
1.486
1.487
1.488
1.489
1.491
1.492
1.493
1.494
1.495
1.496
1.497
1.498
1.499
1.501
1.502
1.503
1.504
1.505
1.506
1.507
1.508
1.509
1.511
1.512
1.513
1.514
1.515
1.516
1.517
1.518
1.519
1.521
1.522
1.523
1.524
1.525
1.526
1.527
1.528
1.529
1.531
1.532
1.533
1.534
1.535
1.536
1.537
1.538
1.539
1.541
1.542
1.543
1.544
1.545
1.546
1.547
1.548
1.549
1.551
1.552
1.553
1.554
1.555
1.556
1.557
1.558
1.559
1.561
1.562
1.563
1.564
1.565
1.566
1.567
1.568
1.569
1.571
1.572
1.573
1.574
1.575
1.576
1.577
1.578
1.579
1.581
1.582
1.583
1.584
1.585
1.586
1.587
1.588
1.589
1.591
1.592
1.593
1.594
1.595
1.596
1.597
1.598
1.599
1.601
1.602
1.603
1.604
1.605
1.606
1.607
1.608
1.609
1.611
1.612
1.613
1.614
1.615
1.616
1.617
1.618
1.619
1.621
1.622
1.623
1.624
1.625
1.626
1.627
1.628
1.629
1.631
1.632
1.633
1.634
1.635
1.636
1.637
1.638
1.639
1.641
1.642
1.643
1.644
1.645
1.646
1.647
1.648
1.649
1.651
1.652
1.653
1.654
1.655
1.656
1.657
1.658
1.659
1.661
1.662
1.663
1.664
1.665
1.666
1.667
1.668
1.669
1.671
1.672
1.673
1.674
1.675
1.676
1.677
1.678
1.679
1.681
1.682
1.683
1.684
1.685
1.686
1.687
1.688
1.689
1.691
1.692
1.693
1.694
1.695
1.696
1.697
1.698
1.699
1.701
1.702
1.703
1.704
1.705
1.706
1.707
1.708
1.709
1.711
1.712
1.713
1.714
1.715
1.716
1.717
1.718
1.719
1.721
1.722
1.723
1.724
1.725
1.726
1.727
1.728
1.729
1.731
1.732
1.733
1.734
1.735
1.736
1.737
1.738
1.739
1.741
1.742
1.743
1.744
1.745
1.746
1.747
1.748
1.749
1.751
1.752
1.753
1.754
1.755
1.756
1.757
1.758
1.759
1.761
1.762
1.763
1.764
1.765
1.766
1.767
1.768
1.769
1.771
1.772
1.773
1.774
1.775
1.776
1.777
1.778
1.779
1.781
1.782
1.783
1.784
1.785
1.786
1.787
1.788
1.789
1.791
1.792
1.793
1.794
1.795
1.796
1.797
1.798
1.799
1.801
1.802
1.803
1.804
1.805
1.806
1.807
1.808
1.809
1.811
1.812
1.813
1.814
1.815
1.816
1.817
1.818
1.819
1.821
1.822
1.823
1.824
1.825
1.826
1.827
1.828
1.829
1.831
1.832
1.833
1.834
1.835
1.836
1.837
1.838
1.839
1.841
1.842
1.843
1.844
1.845
1.846
1.847
1.848
1.849
1.851
1.852
1.853
1.854
1.855
1.856
1.857
1.858
1.859
1.861
1.862
1.863
1.864
1.865
1.866
1.867
1.868
1.869
1.871
1.872
1.873
1.874
1.875
1.876
1.877
1.878
1.879
1.881
1.882
1.883
1.884
1.885
1.886
1.887
1.888
1.889
1.891
1.892
1.893
1.894
1.895
1.896
1.897
1.898
1.899
1.901
1.902
1.903
1.904
1.905
1.906
1.907
1.908
1.909
1.911
1.912
1.913
1.914
1.915
1.916
1.917
1.918
1.919
1.921
1.922
1.923
1.924
1.925
1.926
1.927
1.928
1.929
1.931
1.932
1.933
1.934
1.935
1.936
1.937
1.938
1.939
1.941
1.942
1.943
1.944
1.945
1.946
1.947
1.948
1.949
1.951
1.952
1.953
1.954
1.955
1.956
1.957
1.958
1.959
1.961
1.962
1.963
1.964
1.965
1.966
1.967
1.968
1.969
1.971
1.972
1.973
1.974
1.975
1.976
1.977
1.978
1.979
1.981
1.982
1.983
1.984
1.985
1.986
1.987
1.988
1.989
1.991
1.992
1.993
1.994
1.995
1.996
1.997
1.998
1.999
2.001
2.002
2.003
2.004
2.005
2.006
2.007
2.008
2.009
2.011
2.012
2.013
2.014
2.015
2.016
2.017
2.018
2.019
2.021
2.022
2.023
2.024
2.025
2.026
2.027
2.028
2.029
2.031
2.032
2.033
2.034
2.035
2.036
2.037
2.038
2.039
2.041
2.042
2.043
2.044
2.045
2.046
2.047
2.048
2.049
2.051
2.052
2.053
2.054
2.055
2.056
2.057
2.058
2.059
2.061
2.062
2.063
2.064
2.065
2.066
2.067
2.068
2.069
2.071
2.072
2.073
2.074
2.075
2.076
2.077
2.078
2.079
2.081
2.082
2.083
2.084
2.085
2.086
2.087
2.088
2.089
2.091
2.092
2.093
2.094
2.095
2.096
2.097
2.098
2.099
2.101
2.102
2.103
2.104
2.105
2.106
2.107
2.108
2.109
2.111
2.112
2.113
2.114
2.115
2.116
2.117
2.118
2.119
2.121
2.122
2.123
2.124
2.125
2.126
2.127
2.128
2.129
2.131
2.132
2.133
2.134
2.135
2.136
2.137
2.138
2.139
2.141
2.142
2.143
2.144
2.145
2.146
2.147
2.148
2.149
2.151
2.152
2.153
2.154
2.155
2.156
2.157
2.158
2.159
2.161
2.162
2.163
2.164
2.165
2.166
2.167
2.168
2.169
2.171
2.172
2.173
2.174
2.175
2.176
2.177
2.178
2.179
2.181
2.182
2.183
2.184
2.185
2.186
2.187
2.188
2.189
2.191
2.192
2.193
2.194
2.195
2.196
2.197
2.198
2.199
2.201
2.202
2.203
2.204
2.205
2.206
2.207
2.208
2.209
2.211
2.212
2.213
2.214
2.215
2.216
2.217
2.218
2.219
2.221
2.222
2.223
2.224
2.225
2.226
2.227
2.228
2.229
2.231
2.232
2.233
2.234
2.235
2.236
2.237
2.238
2.239
2.241
2.242
2.243
2.244
2.245
2.246
2.247
2.248
2.249
2.251
2.252
2.253
2.254
2.255
2.256
2.257
2.258
2.259
2.261
2.262
2.263
2.264
2.265
2.266
2.267
2.268
2.269
2.271
2.272
2.273
2.274
2.275
2.276
2.277
2.278
2.279
2.281
2.282
2.283
2.284
2.285
2.286
2.287
2.288
2.289
2.291
2.292
2.293
2.294
2.295
2.296
2.297
2.298
2.299
2.301
2.302
2.303
2.304
2.305
2.306
2.307
2.308
2.309
2.311
2.312
2.313
2.314
2.315
2.316
2.317
2.318
2.319
2.321
2.322
2.323
2.324
2.325
2.326
2.327
2.328
2.329
2.331
2.332
2.333
2.334
2.335
2.336
2.337
2.338
2.339
2.341
2.342
2.343
2.344
2.345
2.346
2.347
2.348
2.349
2.351
2.352
2.353
2.354
2.355
2.356
2.357
2.358
2.359
2.361
2.362
2.363
2.364
2.365
2.366
2.367
2.368
2.369
2.371
2.372
2.373
2.374
2.375
2.376
2.377
2.378
2.379
2.381
2.382
2.383
2.384
2.385
2.386
2.387
2.388
2.389
2.391
2.392
2.393
2.394
2.395
2.396
2.397
2.398
2.399
2.401
2.402
2.403
2.404
2.405
2.406
2.407
2.408
2.409
2.411
2.412
2.413
2.414
2.415
2.416
2.417
2.418
2.419
2.421
2.422
2.423
2.424
2.425
2.426
2.427
2.428
2.429
2.431
2.432
2.433
2.434
2.435
2.436
2.437
2.438
2.439
2.441
2.442
2.443
2.444
2.445
2.446
2.447
2.448
2.449
2.451
2.452
2.453
2.454
2.455
2.456
2.457
2.458
2.459
2.461
2.462
2.463
2.464
2.465
2.466
2.467
2.468
2.469
2.471
2.472
2.473
2.474
2.475
2.476
2.477
2.478
2.479
2.481
2.482
2.483
2.484
2.485
2.486
2.487
2.488
2.489
2.491
2.492
2.493
2.494
2.495
2.496
2.497
2.498
2.499
2.501
2.502
2.503
2.504
2.505
2.506
2.507
2.508
2.509
2.511
2.512
2.513
2.514
2.515
2.516
2.517
2.518
2.519
2.521
2.522
2.523
2.524
2.525
2.526
2.527
2.528
2.529
2.531
2.532
2.533
2.534
2.535
2.536
2.537
2.538
2.539
2.541
2.542
2.543
2.544
2.545
2.546
2.547
2.548
2.549
2.551
2.552
2.553
2.554
2.555
2.556
2.557
2.558
2.559
2.561
2.562
2.563
2.564
2.565
2.566
2.567
2.568
2.569
2.571
2.572
2.573
2.574
2.575
2.576
2.577
2.578
2.579
2.581
2.582
2.583
2.584
2.585
2.586
2.587
2.588
2.589
2.591
2.592
2.593
2.594
2.595
2.596
2.597
2.598
2.599
2.601
2.602
2.603
2.604
2.605
2.606
2.607
2.608
2.609
2.611
2.612
2.613
2.614
2.615
2.616
2.617
2.618
2.619
2.621
2.622
2.623
2.624
2.625
2.626
2.627
2.628
2.629
2.631
2.632
2.633
2.634
2.635
2.636
2.637
2.638
2.639
2.641
2.642
2.643
2.644
2.645
2.646
2.647
2.648
2.649
2.651
2.652
2.653
2.654
2.655
2.656
2.657
2.658
2.659
2.661
2.662
2.663
2.664
2.665
2.666
2.667
2.668
2.669
2.671
2.672
2.673
2.674
2.675
2.676
2.677
2.678
2.679
2.681
2.682
2.683
2.684
2.685
2.686
2.687
2.688
2.689
2.691
2.692
2.693
2.694
2.695
2.696
2.697
2.698
2.699
2.701
2.702
2.703
2.704
2.705
2.706
2.707
2.708
2.709
2.711
2.712
2.713
2.714
2.715
2.716
2.717
2.718
2.719
2.721
2.722
2.723
2.724
2.725
2.726
2.727
2.728
2.729
2.731
2.732
2.733
2.734
2.735
2.736
2.737
2.738
2.739
2.741
2.742
2.743
2.744
2.745
2.746
2.747
2.748
2.749
2.751
2.752
2.753
2.754
2.755
2.756
2.757
2.758
2.759
2.761
2.762
2.763
2.764
2.765
2.766
2.767
2.768
2.769
2.771
2.772
2.773
2.774
2.775
2.776
2.777
2.778
2.779
2.781
2.782
2.783
2.784
2.785
2.786
2.787
2.788
2.789
2.791
2.792
2.793
2.794
2.795
2.796
2.797
2.798
2.799
2.801
2.802
2.803
2.804
2.805
2.806
2.807
2.808
2.809
2.811
2.812
2.813
2.814
2.815
2.816
2.817
2.818
2.819
2.821
2.822
2.823
2.824
2.825
2.826
2.827
2.828
2.829
2.831
2.832
2.833
2.834
2.835
2.836
2.837
2.838
2.839
2.841
2.842
2.843
2.844
2.845
2.846
2.847
2.848
2.849
2.851
2.852
2.853
2.854
2.855
2.856
2.857
2.858
2.859
2.861
2.862
2.863
2.864
2.865
2.866
2.867
2.868
2.869
2.871
2.872
2.873
2.874
2.875
2.876
2.877
2.878
2.879
2.881
2.882
2.883
2.884
2.885
2.886
2.887
2.888
2.889
2.891
2.892
2.893
2.894
2.895
2.896
2.897
2.898
2.899
2.901
2.902
2.903
2.904
2.905
2.906
2.907
2.908
2.909
2.911
2.912
2.913
2.914
2.915
2.916
2.917
2.918
2.919
2.921
2.922
2.923
2.924
2.925
2.926
2.927
2.928
2.929
2.931
2.932
2.933
2.934
2.935
2.936
2.937
2.938
2.939
2.941
2.942
2.943
2.944
2.945
2.946
2.947
2.948
2.949
2.951
2.952
2.953
2.954
2.955
2.956
2.957
2.958
2.959
2.961
2.962
2.963
2.964
2.965
2.966
2.967
2.968
2.969
2.971
2.972
2.973
2.974
2.975
2.976
2.977
2.978
2.979
2.981
2.982
2.983
2.984
2.985
2.986
2.987
2.988
2.989
2.991
2.992
2.993
2.994
2.995
2.996
2.997
2.998
2.999
3.001
3.002
3.003
3.004
3.005
3.006
3.007
3.008
3.009
3.011
3.012
3.013
3.014
3.015
3.016
3.017
3.018
3.019
3.021
3.022
3.023
3.024
3.025
3.026
3.027
3.028
3.029
3.031
3.032
3.033
3.034
3.035
3.036
3.037
3.038
3.039
3.041
3.042
3.043
3.044
3.045
3.046
3.047
3.048
3.049
3.051
3.052
3.053
3.054
3.055
3.056
3.057
3.058
3.059
3.061
3.062
3.063
3.064
3.065
3.066
3.067
3.068
3.069
3.071
3.072
3.073
3.074
3.075
3.076
3.077
3.078
3.079
3.081
3.082
3.083
3.084
3.085
3.086
3.087
3.088
3.089
3.091
3.092
3.093
3.094
3.095
3.096
3.097
3.098
3.099
3.101
3.102
3.103
3.104
3.105
3.106
3.107
3.108
3.109
3.111
3.112
3.113
3.114
3.115
3.116
3.117
3.118
3.119
3.121
3.122
3.123
3.124
3.125
3.126
3.127
3.128
3.129
3.131
3.132
3.133
3.134
3.135
3.136
3.137
3.138
3.139
3.141
3.142
3.143
3.144
3.145
3.146
3.147
3.148
3.149
3.151
3.152
3.153
3.154
3.155
3.156
3.157
3.158
3.159
3.161
3.162
3.163
3.164
3.165
3.166
3.167
3.168
3.169
3.171
3.172
3.173
3.174
3.175
3.176
3.177
3.178
3.179
3.181
3.182
3.183
3.184
3.185
3.186
3.187
3.188
3.189
3.191
3.192
3.193
3.194
3.195
3.196
3.197
3.198
3.199
3.201
3.202
3.203
3.204
3.205
3.206
3.207
3.208
3.209
3.211
3.212
3.213
3.214
3.215
3.216
3.217
3.218
3.219
3.221
3.222
3.223
3.224
3.225
3.226
3.227
3.228
3.229
3.231
3.232
3.233
3.234
3.235
3.236
3.237
3.238
3.239
3.241
3.242
3.243
3.244
3.245
3.246
3.247
3.248
3.249
3.251
3.252
3.253
3.254
3.255
3.256
3.257
3.258
3.259
3.261
3.262
3.263
3.264
3.265
3.266
3.267
3.268
3.269
3.271
3.272
3.273
3.274
3.275
3.276
3.277
3.278
3.279
3.281
3.282
3.283
3.284
3.285
3.286
3.287
3.288
3.289
3.291
3.292
3.293
3.294
3.295
3.296
3.297
3.298
3.299
3.301
3.302
3.303
3.304
3.305
3.306
3.307
3.308
3.309
3.311
3.312
3.313
3.314
3.315
3.316
3.317
3.318
3.319
3.321
3.322
3.323
3.324
3.325
3.326
3.327
3.328
3.329
3.331
3.332
3.333
3.334
3.335
3.336
3.337
3.338
3.339
3.341
3.342
3.343
3.344
3.345
3.346
3.347
3.348
3.349
3.351
3.352
3.353
3.354
3.355
3.356
3.357
3.358
3.359
3.361
3.362
3.363
3.364
3.365
3.366
3.367
3.368
3.369
3.371
3.372
3.373
3.374
3.375
3.376
3.377
3.378
3.379
3.381
3.382
3.383
3.384
3.385
3.386
3.387
3.388
3.389
3.391
3.392
3.393
3.394
3.395
3.396
3.397
3.398
3.399
3.401
3.402
3.403
3.404
3.405
3.406
3.407
3.408
3.409
3.411
3.412
3.413
3.414
3.415
3.416
3.417
3.418
3.419
3.421
3.422
3.423
3.424
3.425
3.426
3.427
3.428
3.429
3.431
3.432
3.433
3.434
3.435
3.436
3.437
3.438
3.439
3.441
3.442
3.443
3.444
3.445
3.446
3.447
3.448
3.449
3.451
3.452
3.453
3.454
3.455
3.456
3.457
3.458
3.459
3.461
3.462
3.463
3.464
3.465
3.466
3.467
3.468
3.469
3.471
3.472
3.473
3.474
3.475
3.476
3.477
3.478
3.479
3.481
3.482
3.483
3.484
3.485
3.486
3.487
3.488
3.489
3.491
3.492
3.493
3.494
3.495
3.496
3.497
3.498
3.499
3.501
3.502
3.503
3.504
3.505
3.506
3.507
3.508
3.509
3.511
3.512
3.513
3.514
3.515
3.516
3.517
3.518
3.519
3.521
3.522
3.523
3.524
3.525
3.526
3.527
3.528
3.529
3.531
3.532
3.533
3.534
3.535
3.536
3.537
3.538
3.539
3.541
3.542
3.543
3.544
3.545
3.546
3.547
3.548
3.549
3.551
3.552
3.553
3.554
3.555
3.556
3.557
3.558
3.559
3.561
3.562
3.563
3.564
3.565
3.566
3.567
3.568
3.569
3.571
3.572
3.573
3.574
3.575
3.576
3.577
3.578
3.579
3.581
3.582
3.583
3.584
3.585
3.586
3.587
3.588
3.589
3.591
3.592
3.593
3.594
3.595
3.596
3.597
3.598
3.599
3.601
3.602
3.603
3.604
3.605
3.606
3.607
3.608
3.609
3.611
3.612
3.613
3.614
3.615
3.616
3.617
3.618
3.619
3.621
3.622
3.623
3.624
3.625
3.626
3.627
3.628
3.629
3.631
3.632
3.633
3.634
3.635
3.636
3.637
3.638
3.639
3.641
3.642
3.643
3.644
3.645
3.646
3.647
3.648
3.649
3.651
3.652
3.653
3.654
3.655
3.656
3.657
3.658
3.659
3.661
3.662
3.663
3.664
3.665
3.666
3.667
3.668
3.669
3.671
3.672
3.673
3.674
3.675
3.676
3.677
3.678
3.679
3.681
3.682
3.683
3.684
3.685
3.686
3.687
3.688
3.689
3.691
3.692
3.693
3.694
3.695
3.696
3.697
3.698
3.699
3.701
3.702
3.703
3.704
3.705
3.706
3.707
3.708
3.709
3.711
3.712
3.713
3.714
3.715
3.716
3.717
3.718
3.719
3.721
3.722
3.723
3.724
3.725
3.726
3.727
3.728
3.729
3.731
3.732
3.733
3.734
3.735
3.736
3.737
3.738
3.739
3.741
3.742
3.743
3.744
3.745
3.746
3.747
3.748
3.749
3.751
3.752
3.753
3.754
3.755
3.756
3.757
3.758
3.759
3.761
3.762
3.763
3.764
3.765
3.766
3.767
3.768
3.769
3.771
3.772
3.773
3.774
3.775
3.776
3.777
3.778
3.779
3.781
3.782
3.783
3.784
3.785
3.786
3.787
3.788
3.789
3.791
3.792
3.793
3.794
3.795
3.796
3.797
3.798
3.799
3.801
3.802
3.803
3.804
3.805
3.806
3.807
3.808
3.809
3.811
3.812
3.813
3.814
3.815
3.816
3.817
3.818
3.819
3.821
3.822
3.823
3.824
3.825
3.826
3.827
3.828
3.829
3.831
3.832
3.833
3.834
3.835
3.836
3.837
3.838
3.839
3.841
3.842
3.843
3.844
3.845
3.846
3.847
3.848
3.849
3.851
3.852
3.853
3.854
3.855
3.856
3.857
3.858
3.859
3.861
3.862
3.863
3.864
3.865
3.866
3.867
3.868
3.869
3.871
3.872
3.873
3.874
3.875
3.876
3.877
3.878
3.879
3.881
3.882
3.883
3.884
3.885
3.886
3.887
3.888
3.889
3.891
3.892
3.893
3.894
3.895
3.896
3.897
3.898
3.899
3.901
3.902
3.903
3.904
3.905
3.906
3.907
3.908
3.909
3.911
3.912
3.913
3.914
3.915
3.916
3.917
3.918
3.919
3.921
3.922
3.923
3.924
3.925
3.926
3.927
3.928
3.929
3.931
3.932
3.933
3.934
3.935
3.936
3.937
3.938
3.939
3.941
3.942
3.943
3.944
3.945
3.946
3.947
3.948
3.949
3.951
3.952
3.953
3.954
3.955
3.956
3.957
3.958
3.959
3.961
3.962
3.963
3.964
3.965
3.966
3.967
3.968
3.969
3.971
3.972
3.973
3.974
3.975
3.976
3.977
3.978
3.979
3.981
3.982
3.983
3.984
3.985
3.986
3.987
3.988
3.989
3.991
3.992
3.993
3.994
3.995
3.996
3.997
3.998
3.999
4.001
4.002
4.003
4.004
4.005
4.006
4.007
4.008
4.009
4.011
4.012
4.013
4.014
4.015
4.016
4.017
4.018
4.019
4.021
4.022
4.023
4.024
4.025
4.026
4.027
4.028
4.029
4.031
4.032
4.033
4.034
4.035
4.036
4.037
4.038
4.039
4.041
4.042
4.043
4.044
4.045
4.046
4.047
4.048
4.049
4.051
4.052
4.053
4.054
4.055
4.056
4.057
4.058
4.059
4.061
4.062
4.063
4.064
4.065
4.066
4.067
4.068
4.069
4.071
4.072
4.073
4.074
4.075
4.076
4.077
4.078
4.079
4.081
4.082
4.083
4.084
4.085
4.086
4.087
4.088
4.089
4.091
4.092
4.093
4.094
4.095
4.096
4.097
4.098
4.099
4.101
4.102
4.103
4.104
4.105
4.106
4.107
4.108
4.109
4.111
4.112
4.113
4.114
4.115
4.116
4.117
4.118
4.119
4.121
4.122
4.123
4.124
4.125
4.126
4.127
4.128
4.129
4.131
4.132
4.133
4.134
4.135
4.136
4.137
4.138
4.139
4.141
4.142
4.143
4.144
4.145
4.146
4.147
4.148
4.149
4.151
4.152
4.153
4.154
4.155
4.156
4.157
4.158
4.159
4.161
4.162
4.163
4.164
4.165
4.166
4.167
4.168
4.169
4.171
4.172
4.173
4.174
4.175
4.176
4.177
4.178
4.179
4.181
4.182
4.183
4.184
4.185
4.186
4.187
4.188
4.189
4.191
4.192
4.193
4.194
4.195
4.196
4.197
4.198
4.199
4.201
4.202
4.203
4.204
4.205
4.206
4.207
4.208
4.209
4.211
4.212
4.213
4.214
4.215
4.216
4.217
4.218
4.219
4.221
4.222
4.223
4.224
4.225
4.226
4.227
4.228
4.229
4.231
4.232
4.233
4.234
4.235
4.236
4.237
4.238
4.239
4.241
4.242
4.243
4.244
4.245
4.246
4.247
4.248
4.249
4.251
4.252
4.253
4.254
4.255
4.256
4.257
4.258
4.259
4.261
4.262
4.263
4.264
4.265
4.266
4.267
4.268
4.269
4.271
4.272
4.273
4.274
4.275
4.276
4.277
4.278
4.279
4.281
4.282
4.283
4.284
4.285
4.286
4.287
4.288
4.289
4.291
4.292
4.293
4.294
4.295
4.296
4.297
4.298
4.299
4.301
4.302
4.303
4.304
4.305
4.306
4.307
4.308
4.309
4.311
4.312
4.313
4.314
4.315
4.316
4.317
4.318
4.319
4.321
4.322
4.323
4.324
4.325
4.326
4.327
4.328
4.329
4.331
4.332
4.333
4.334
4.335
4.336
4.337
4.338
4.339
4.341
4.342
4.343
4.344
4.345
4.346
4.347
4.348
4.349
4.351
4.352
4.353
4.354
4.355
4.356
4.357
4.358
4.359
4.361
4.362
4.363
4.364
4.365
4.366
4.367
4.368
4.369
4.371
4.372
4.373
4.374
4.375
4.376
4.377
4.378
4.379
4.381
4.382
4.383
4.384
4.385
4.386
4.387
4.388
4.389
4.391
4.392
4.393
4.394
4.395
4.396
4.397
4.398
4.399
4.401
4.402
4.403
4.404
4.405
4.406
4.407
4.408
4.409
4.411
4.412
4.413
4.414
4.415
4.416
4.417
4.418
4.419
4.421
4.422
4.423
4.424
4.425
4.426
4.427
4.428
4.429
4.431
4.432
4.433
4.434
4.435
4.436
4.437
4.438
4.439
4.441
4.442
4.443
4.444
4.445
4.446
4.447
4.448
4.449
4.451
4.452
4.453
4.454
4.455
4.456
4.457
4.458
4.459
4.461
4.462
4.463
4.464
4.465
4.466
4.467
4.468
4.469
4.471
4.472
4.473
4.474
4.475
4.476
4.477
4.478
4.479
4.481
4.482
4.483
4.484
4.485
4.486
4.487
4.488
4.489
4.491
4.492
4.493
4.494
4.495
4.496
4.497
4.498
4.499
4.501
4.502
4.503
4.504
4.505
4.506
4.507
4.508
4.509
4.511
4.512
4.513
4.514
4.515
4.516
4.517
4.518
4.519
4.521
4.522
4.523
4.524
4.525
4.526
4.527
4.528
4.529
4.531
4.532
4.533
4.534
4.535
4.536
4.537
4.538
4.539
4.541
4.542
4.543
4.544
4.545
4.546
4.547
4.548
4.549
4.551
4.552
4.553
4.554
4.555
4.556
4.557
4.558
4.559
4.561
4.562
4.563
4.564
4.565
4.566
4.567
4.568
4.569
4.571
4.572
4.573
4.574
4.575
4.576
4.577
4.578
4.579
4.581
4.582
4.583
4.584
4.585
4.586
4.587
4.588
4.589
4.591
4.592
4.593
4.594
4.595
4.596
4.597
4.598
4.599
4.601
4.602
4.603
4.604
4.605
4.606
4.607
4.608
4.609
4.611
4.612
4.613
4.614
4.615
4.616
4.617
4.618
4.619
4.621
4.622
4.623
4.624
4.625
4.626
4.627
4.628
4.629
4.631
4.632
4.633
4.634
4.635
4.636
4.637
4.638
4.639
4.641
4.642
4.643
4.644
4.645
4.646
4.647
4.648
4.649
4.651
4.652
4.653
4.654
4.655
4.656
4.657
4.658
4.659
4.661
4.662
4.663
4.664
4.665
4.666
4.667
4.668
4.669
4.671
4.672
4.673
4.674
4.675
4.676
4.677
4.678
4.679
4.681
4.682
4.683
4.684
4.685
4.686
4.687
4.688
4.689
4.691
4.692
4.693
4.694
4.695
4.696
4.697
4.698
4.699
4.701
4.702
4.703
4.704
4.705
4.706
4.707
4.708
4.709
4.711
4.712
4.713
4.714
4.715
4.716
4.717
4.718
4.719
4.721
4.722
4.723
4.724
4.725
4.726
4.727
4.728
4.729
4.731
4.732
4.733
4.734
4.735
4.736
4.737
4.738
4.739
4.741
4.742
4.743
4.744
4.745
4.746
4.747
4.748
4.749
4.751
4.752
4.753
4.754
4.755
4.756
4.757
4.758
4.759
4.761
4.762
4.763
4.764
4.765
4.766
4.767
4.768
4.769
4.771
4.772
4.773
4.774
4.775
4.776
4.777
4.778
4.779
4.781
4.782
4.783
4.784
4.785
4.786
4.787
4.788
4.789
4.791
4.792
4.793
4.794
4.795
4.796
4.797
4.798
4.799
4.801
4.802
4.803
4.804
4.805
4.806
4.807
4.808
4.809
4.811
4.812
4.813
4.814
4.815
4.816
4.817
4.818
4.819
4.821
4.822
4.823
4.824
4.825
4.826
4.827
4.828
4.829
4.831
4.832
4.833
4.834
4.835
4.836
4.837
4.838
4.839
4.841
4.842
4.843
4.844
4.845
4.846
4.847
4.848
4.849
4.851
4.852
4.853
4.854
4.855
4.856
4.857
4.858
4.859
4.861
4.862
4.863
4.864
4.865
4.866
4.867
4.868
4.869
4.871
4.872
4.873
4.874
4.875
4.876
4.877
4.878
4.879
4.881
4.882
4.883
4.884
4.885
4.886
4.887
4.888
4.889
4.891
4.892
4.893
4.894
4.895
4.896
4.897
4.898
4.899
4.901
4.902
4.903
4.904
4.905
4.906
4.907
4.908
4.909
4.911
4.912
4.913
4.914
4.915
4.916
4.917
4.918
4.919
4.921
4.922
4.923
4.924
4.925
4.926
4.927
4.928
4.929
4.931
4.932
4.933
4.934
4.935
4.936
4.937
4.938
4.939
4.941
4.942
4.943
4.944
4.945
4.946
4.947
4.948
4.949
4.951
4.952
4.953
4.954
4.955
4.956
4.957
4.958
4.959
4.961
4.962
4.963
4.964
4.965
4.966
4.967
4.968
4.969
4.971
4.972
4.973
4.974
4.975
4.976
4.977
4.978
4.979
4.981
4.982
4.983
4.984
4.985
4.986
4.987
4.988
4.989
4.991
4.992
4.993
4.994
4.995
4.996
4.997
4.998
4.999
5.001
5.002
5.003
5.004
5.005
5.006
5.007
5.008
5.009
5.011
5.012
5.013
5.014
5.015
5.016
5.017
5.018
5.019
5.021
5.022
5.023
5.024
5.025
5.026
5.027
5.028
5.029
5.031
5.032
5.033
5.034
5.035
5.036
5.037
5.038
5.039
5.041
5.042
5.043
5.044
5.045
5.046
5.047
5.048
5.049
5.051
5.052
5.053
5.054
5.055
5.056
5.057
5.058
5.059
5.061
5.062
5.063
5.064
5.065
5.066
5.067
5.068
5.069
5.071
5.072
5.073
5.074
5.075
5.076
5.077
5.078
5.079
5.081
5.082
5.083
5.084
5.085
5.086
5.087
5.088
5.089
5.091
5.092
5.093
5.094
5.095
5.096
5.097
5.098
5.099
5.101
5.102
5.103
5.104
5.105
5.106
5.107
5.108
5.109
5.111
5.112
5.113
5.114
5.115
5.116
5.117
5.118
5.119
5.121
5.122
5.123
5.124
5.125
5.126
5.127
5.128
5.129
5.131
5.132
5.133
5.134
5.135
5.136
5.137
5.138
5.139
5.141
5.142
5.143
5.144
5.145
5.146
5.147
5.148
5.149
5.151
5.152
5.153
5.154
5.155
5.156
5.157
5.158
5.159
5.161
5.162
5.163
5.164
5.165
5.166
5.167
5.168
5.169
5.171
5.172
5.173
5.174
5.175
5.176
5.177
5.178
5.179
5.181
5.182
5.183
5.184
5.185
5.186
5.187
5.188
5.189
5.191
5.192
5.193
5.194
5.195
5.196
5.197
5.198
5.199
5.201
5.202
5.203
5.204
5.205
5.206
5.207
5.208
5.209
5.211
5.212
5.213
5.214
5.215
5.216
5.217
5.218
5.219
5.221
5.222
5.223
5.224
5.225
5.226
5.227
5.228
5.229
5.231
5.232
5.233
5.234
5.235
5.236
5.237
5.238
5.239
5.241
5.242
5.243
5.244
5.245
5.246
5.247
5.248
5.249
5.251
5.252
5.253
5.254
5.255
5.256
5.257
5.258
5.259
5.261
5.262
5.263
5.264
5.265
5.266
5.267
5.268
5.269
5.271
5.272
5.273
5.274
5.275
5.276
5.277
5.278
5.279
5.281
5.282
5.283
5.284
5.285
5.286
5.287
5.288
5.289
5.291
5.292
5.293
5.294
5.295
5.296
5.297
5.298
5.299
5.301
5.302
5.303
5.304
5.305
5.306
5.307
5.308
5.309
5.311
5.312
5.313
5.314
5.315
5.316
5.317
5.318
5.319
5.321
5.322
5.323
5.324
5.325
5.326
5.327
5.328
5.329
5.331
5.332
5.333
5.334
5.335
5.336
5.337
5.338
5.339
5.341
5.342
5.343
5.344
5.345
5.346
5.347
5.348
5.349
5.351
5.352
5.353
5.354
5.355
5.356
5.357
5.358
5.359
5.361
5.362
5.363
5.364
5.365
5.366
5.367
5.368
5.369
5.371
5.372
5.373
5.374
5.375
5.376
5.377
5.378
5.379
5.381
5.382
5.383
5.384
5.385
5.386
5.387
5.388
5.389
5.391
5.392
5.393
5.394
5.395
5.396
5.397
5.398
5.399
5.401
5.402
5.403
5.404
5.405
5.406
5.407
5.408
5.409
5.411
5.412
5.413
5.414
5.415
5.416
5.417
5.418
5.419
5.421
5.422
5.423
5.424
5.425
5.426
5.427
5.428
5.429
5.431
5.432
5.433
5.434
5.435
5.436
5.437
5.438
5.439
5.441
5.442
5.443
5.444
5.445
5.446
5.447
5.448
5.449
5.451
5.452
5.453
5.454
5.455
5.456
5.457
5.458
5.459
5.461
5.462
5.463
5.464
5.465
5.466
5.467
5.468
5.469
5.471
5.472
5.473
5.474
5.475
5.476
5.477
5.478
5.479
5.481
5.482
5.483
5.484
5.485
5.486
5.487
5.488
5.489
5.491
5.492
5.493
5.494
5.495
5.496
5.497
5.498
5.499
5.501
5.502
5.503
5.504
5.505
5.506
5.507
5.508
5.509
5.511
5.512
5.513
5.514
5.515
5.516
5.517
5.518
5.519
5.521
5.522
5.523
5.524
5.525
5.526
5.527
5.528
5.529
5.531
5.532
5.533
5.534
5.535
5.536
5.537
5.538
5.539
5.541
5.542
5.543
5.544
5.545
5.546
5.547
5.548
5.549
5.551
5.552
5.553
5.554
5.555
5.556
5.557
5.558
5.559
5.561
5.562
5.563
5.564
5.565
5.566
5.567
5.568
5.569
5.571
5.572
5.573
5.574
5.575
5.576
5.577
5.578
5.579
5.581
5.582
5.583
5.584
5.585
5.586
5.587
5.588
5.589
5.591
5.592
5.593
5.594
5.595
5.596
5.597
5.598
5.599
5.601
5.602
5.603
5.604
5.605
5.606
5.607
5.608
5.609
5.611
5.612
5.613
5.614
5.615
5.616
5.617
5.618
5.619
5.621
5.622
5.623
5.624
5.625
5.626
5.627
5.628
5.629
5.631
5.632
5.633
5.634
5.635
5.636
5.637
5.638
5.639
5.641
5.642
5.643
5.644
5.645
5.646
5.647
5.648
5.649
5.651
5.652
5.653
5.654
5.655
5.656
5.657
5.658
5.659
5.661
5.662
5.663
5.664
5.665
5.666
5.667
5.668
5.669
5.671
5.672
5.673
5.674
5.675
5.676
5.677
5.678
5.679
5.681
5.682
5.683
5.684
5.685
5.686
5.687
5.688
5.689
5.691
5.692
5.693
5.694
5.695
5.696
5.697
5.698
5.699
5.701
5.702
5.703
5.704
5.705
5.706
5.707
5.708
5.709
5.711
5.712
5.713
5.714
5.715
5.716
5.717
5.718
5.719
5.721
5.722
5.723
5.724
5.725
5.726
5.727
5.728
5.729
5.731
5.732
5.733
5.734
5.735
5.736
5.737
5.738
5.739
5.741
5.742
5.743
5.744
5.745
5.746
5.747
5.748
5.749
5.751
5.752
5.753
5.754
5.755
5.756
5.757
5.758
5.759
5.761
5.762
5.763
5.764
5.765
5.766
5.767
5.768
5.769
5.771
5.772
5.773
5.774
5.775
5.776
5.777
5.778
5.779
5.781
5.782
5.783
5.784
5.785
5.786
5.787
5.788
5.789
5.791
5.792
5.793
5.794
5.795
5.796
5.797
5.798
5.799
5.801
5.802
5.803
5.804
5.805
5.806
5.807
5.808
5.809
5.811
5.812
5.813
5.814
5.815
5.816
5.817
5.818
5.819
5.821
5.822
5.823
5.824
5.825
5.826
5.827
5.828
5.829
5.831
5.832
5.833
5.834
5.835
5.836
5.837
5.838
5.839
5.841
5.842
5.843
5.844
5.845
5.846
5.847
5.848
5.849
5.851
5.852
5.853
5.854
5.855
5.856
5.857
5.858
5.859
5.861
5.862
5.863
5.864
5.865
5.866
5.867
5.868
5.869
5.871
5.872
5.873
5.874
5.875
5.876
5.877
5.878
5.879
5.881
5.882
5.883
5.884
5.885
5.886
5.887
5.888
5.889
5.891
5.892
5.893
5.894
5.895
5.896
5.897
5.898
5.899
5.901
5.902
5.903
5.904
5.905
5.906
5.907
5.908
5.909
5.911
5.912
5.913
5.914
5.915
5.916
5.917
5.918
5.919
5.921
5.922
5.923
5.924
5.925
5.926
5.927
5.928
5.929
5.931
5.932
5.933
5.934
5.935
5.936
5.937
5.938
5.939
5.941
5.942
5.943
5.944
5.945
5.946
5.947
5.948
5.949
5.951
5.952
5.953
5.954
5.955
5.956
5.957
5.958
5.959
5.961
5.962
5.963
5.964
5.965
5.966
5.967
5.968
5.969
5.971
5.972
5.973
5.974
5.975
5.976
5.977
5.978
5.979
5.981
5.982
5.983
5.984
5.985
5.986
5.987
5.988
5.989
5.991
5.992
5.993
5.994
5.995
5.996
5.997
5.998
5.999
6.001
6.002
6.003
6.004
6.005
6.006
6.007
6.008
6.009
6.011
6.012
6.013
6.014
6.015
6.016
6.017
6.018
6.019
6.021
6.022
6.023
6.024
6.025
6.026
6.027
6.028
6.029
6.031
6.032
6.033
6.034
6.035
6.036
6.037
6.038
6.039
6.041
6.042
6.043
6.044
6.045
6.046
6.047
6.048
6.049
6.051
6.052
6.053
6.054
6.055
6.056
6.057
6.058
6.059
6.061
6.062
6.063
6.064
6.065
6.066
6.067
6.068
6.069
6.071
6.072
6.073
6.074
6.075
6.076
6.077
6.078
6.079
6.081
6.082
6.083
6.084
6.085
6.086
6.087
6.088
6.089
6.091
6.092
6.093
6.094
6.095
6.096
6.097
6.098
6.099
6.101
6.102
6.103
6.104
6.105
6.106
6.107
6.108
6.109
6.111
6.112
6.113
6.114
6.115
6.116
6.117
6.118
6.119
6.121
6.122
6.123
6.124
6.125
6.126
6.127
6.128
6.129
6.131
6.132
6.133
6.134
6.135
6.136
6.137
6.138
6.139
6.141
6.142
6.143
6.144
6.145
6.146
6.147
6.148
6.149
6.151
6.152
6.153
6.154
6.155
6.156
6.157
6.158
6.159
6.161
6.162
6.163
6.164
6.165
6.166
6.167
6.168
6.169
6.171
6.172
6.173
6.174
6.175
6.176
6.177
6.178
6.179
6.181
6.182
6.183
6.184
6.185
6.186
6.187
6.188
6.189
6.191
6.192
6.193
6.194
6.195
6.196
6.197
6.198
6.199
6.201
6.202
6.203
6.204
6.205
6.206
6.207
6.208
6.209
6.211
6.212
6.213
6.214
6.215
6.216
6.217
6.218
6.219
6.221
6.222
6.223
6.224
6.225
6.226
6.227
6.228
6.229
6.231
6.232
6.233
6.234
6.235
6.236
6.237
6.238
6.239
6.241
6.242
6.243
6.244
6.245
6.246
6.247
6.248
6.249
6.251
6.252
6.253
6.254
6.255
6.256
6.257
6.258
6.259
6.261
6.262
6.263
6.264
6.265
6.266
6.267
6.268
6.269
6.271
6.272
6.273
6.274
6.275
6.276
6.277
6.278
6.279
6.281
6.282
6.283
6.284
6.285
6.286
6.287
6.288
6.289
6.291
6.292
6.293
6.294
6.295
6.296
6.297
6.298
6.299
6.301
6.302
6.303
6.304
6.305
6.306
6.307
6.308
6.309
6.311
6.312
6.313
6.314
6.315
6.316
6.317
6.318
6.319
6.321
6.322
6.323
6.324
6.325
6.326
6.327
6.328
6.329
6.331
6.332
6.333
6.334
6.335
6.336
6.337
6.338
6.339
6.341
6.342
6.343
6.344
6.345
6.346
6.347
6.348
6.349
6.351
6.352
6.353
6.354
6.355
6.356
6.357
6.358
6.359
6.361
6.362
6.363
6.364
6.365
6.366
6.367
6.368
6.369
6.371
6.372
6.373
6.374
6.375
6.376
6.377
6.378
6.379
6.381
6.382
6.383
6.384
6.385
6.386
6.387
6.388
6.389
6.391
6.392
6.393
6.394
6.395
6.396
6.397
6.398
6.399
6.401
6.402
6.403
6.404
6.405
6.406
6.407
6.408
6.409
6.411
6.412
6.413
6.414
6.415
6.416
6.417
6.418
6.419
6.421
6.422
6.423
6.424
6.425
6.426
6.427
6.428
6.429
6.431
6.432
6.433
6.434
6.435
6.436
6.437
6.438
6.439
6.441
6.442
6.443
6.444
6.445
6.446
6.447
6.448
6.449
6.451
6.452
6.453
6.454
6.455
6.456
6.457
6.458
6.459
6.461
6.462
6.463
6.464
6.465
6.466
6.467
6.468
6.469
6.471
6.472
6.473
6.474
6.475
6.476
6.477
6.478
6.479
6.481
6.482
6.483
6.484
6.485
6.486
6.487
6.488
6.489
6.491
6.492
6.493
6.494
6.495
6.496
6.497
6.498
6.499
6.501
6.502
6.503
6.504
6.505
6.506
6.507
6.508
6.509
6.511
6.512
6.513
6.514
6.515
6.516
6.517
6.518
6.519
6.521
6.522
6.523
6.524
6.525
6.526
6.527
6.528
6.529
6.531
6.532
6.533
6.534
6.535
6.536
6.537
6.538
6.539
6.541
6.542
6.543
6.544
6.545
6.546
6.547
6.548
6.549
6.551
6.552
6.553
6.554
6.555
6.556
6.557
6.558
6.559
6.561
6.562
6.563
6.564
6.565
6.566
6.567
6.568
6.569
6.571
6.572
6.573
6.574
6.575
6.576
6.577
6.578
6.579
6.581
6.582
6.583
6.584
6.585
6.586
6.587
6.588
6.589
6.591
6.592
6.593
6.594
6.595
6.596
6.597
6.598
6.599
6.601
6.602
6.603
6.604
6.605
6.606
6.607
6.608
6.609
6.611
6.612
6.613
6.614
6.615
6.616
6.617
6.618
6.619
6.621
6.622
6.623
6.624
6.625
6.626
6.627
6.628
6.629
6.631
6.632
6.633
6.634
6.635
6.636
6.637
6.638
6.639
6.641
6.642
6.643
6.644
6.645
6.646
6.647
6.648
6.649
6.651
6.652
6.653
6.654
6.655
6.656
6.657
6.658
6.659
6.661
6.662
6.663
6.664
6.665
6.666
6.667
6.668
6.669
6.671
6.672
6.673
6.674
6.675
6.676
6.677
6.678
6.679
6.681
6.682
6.683
6.684
6.685
6.686
6.687
6.688
6.689
6.691
6.692
6.693
6.694
6.695
6.696
6.697
6.698
6.699
6.701
6.702
6.703
6.704
6.705
6.706
6.707
6.708
6.709
6.711
6.712
6.713
6.714
6.715
6.716
6.717
6.718
6.719
6.721
6.722
6.723
6.724
6.725
6.726
6.727
6.728
6.729
6.731
6.732
6.733
6.734
6.735
6.736
6.737
6.738
6.739
6.741
6.742
6.743
6.744
6.745
6.746
6.747
6.748
6.749
6.751
6.752
6.753
6.754
6.755
6.756
6.757
6.758
6.759
6.761
6.762
6.763
6.764
6.765
6.766
6.767
6.768
6.769
6.771
6.772
6.773
6.774
6.775
6.776
6.777
6.778
6.779
6.781
6.782
6.783
6.784
6.785
6.786
6.787
6.788
6.789
6.791
6.792
6.793
6.794
6.795
6.796
6.797
6.798
6.799
6.801
6.802
6.803
6.804
6.805
6.806
6.807
6.808
6.809
6.811
6.812
6.813
6.814
6.815
6.816
6.817
6.818
6.819
6.821
6.822
6.823
6.824
6.825
6.826
6.827
6.828
6.829
6.831
6.832
6.833
6.834
6.835
6.836
6.837
6.838
6.839
6.841
6.842
6.843
6.844
6.845
6.846
6.847
6.848
6.849
6.851
6.852
6.853
6.854
6.855
6.856
6.857
6.858
6.859
6.861
6.862
6.863
6.864
6.865
6.866
6.867
6.868
6.869
6.871
6.872
6.873
6.874
6.875
6.876
6.877
6.878
6.879
6.881
6.882
6.883
6.884
6.885
6.886
6.887
6.888
6.889
6.891
6.892
6.893
6.894
6.895
6.896
6.897
6.898
6.899
6.901
6.902
6.903
6.904
6.905
6.906
6.907
6.908
6.909
6.911
6.912
6.913
6.914
6.915
6.916
6.917
6.918
6.919
6.921
6.922
6.923
6.924
6.925
6.926
6.927
6.928
6.929
6.931
6.932
6.933
6.934
6.935
6.936
6.937
6.938
6.939
6.941
6.942
6.943
6.944
6.945
6.946
6.947
6.948
6.949
6.951
6.952
6.953
6.954
6.955
6.956
6.957
6.958
6.959
6.961
6.962
6.963
6.964
6.965
6.966
6.967
6.968
6.969
6.971
6.972
6.973
6.974
6.975
6.976
6.977
6.978
6.979
6.981
6.982
6.983
6.984
6.985
6.986
6.987
6.988
6.989
6.991
6.992
6.993
6.994
6.995
6.996
6.997
6.998
6.999
7.001
7.002
7.003
7.004
7.005
7.006
7.007
7.008
7.009
7.011
7.012
7.013
7.014
7.015
7.016
7.017
7.018
7.019
7.021
7.022
7.023
7.024
7.025
7.026
7.027
7.028
7.029
7.031
7.032
7.033
7.034
7.035
7.036
7.037
7.038
7.039
7.041
7.042
7.043
7.044
7.045
7.046
7.047
7.048
7.049
7.051
7.052
7.053
7.054
7.055
7.056
7.057
7.058
7.059
7.061
7.062
7.063
7.064
7.065
7.066
7.067
7.068
7.069
7.071
7.072
7.073
7.074
7.075
7.076
7.077
7.078
7.079
7.081
7.082
7.083
7.084
7.085
7.086
7.087
7.088
7.089
7.091
7.092
7.093
7.094
7.095
7.096
7.097
7.098
7.099
7.101
7.102
7.103
7.104
7.105
7.106
7.107
7.108
7.109
7.111
7.112
7.113
7.114
7.115
7.116
7.117
7.118
7.119
7.121
7.122
7.123
7.124
7.125
7.126
7.127
7.128
7.129
7.131
7.132
7.133
7.134
7.135
7.136
7.137
7.138
7.139
7.141
7.142
7.143
7.144
7.145
7.146
7.147
7.148
7.149
7.151
7.152
7.153
7.154
7.155
7.156
7.157
7.158
7.159
7.161
7.162
7.163
7.164
7.165
7.166
7.167
7.168
7.169
7.171
7.172
7.173
7.174
7.175
7.176
7.177
7.178
7.179
7.181
7.182
7.183
7.184
7.185
7.186
7.187
7.188
7.189
7.191
7.192
7.193
7.194
7.195
7.196
7.197
7.198
7.199
7.201
7.202
7.203
7.204
7.205
7.206
7.207
7.208
7.209
7.211
7.212
7.213
7.214
7.215
7.216
7.217
7.218
7.219
7.221
7.222
7.223
7.224
7.225
7.226
7.227
7.228
7.229
7.231
7.232
7.233
7.234
7.235
7.236
7.237
7.238
7.239
7.241
7.242
7.243
7.244
7.245
7.246
7.247
7.248
7.249
7.251
7.252
7.253
7.254
7.255
7.256
7.257
7.258
7.259
7.261
7.262
7.263
7.264
7.265
7.266
7.267
7.268
7.269
7.271
7.272
7.273
7.274
7.275
7.276
7.277
7.278
7.279
7.281
7.282
7.283
7.284
7.285
7.286
7.287
7.288
7.289
7.291
7.292
7.293
7.294
7.295
7.296
7.297
7.298
7.299
7.301
7.302
7.303
7.304
7.305
7.306
7.307
7.308
7.309
7.311
7.312
7.313
7.314
7.315
7.316
7.317
7.318
7.319
7.321
7.322
7.323
7.324
7.325
7.326
7.327
7.328
7.329
7.331
7.332
7.333
7.334
7.335
7.336
7.337
7.338
7.339
7.341
7.342
7.343
7.344
7.345
7.346
7.347
7.348
7.349
7.351
7.352
7.353
7.354
7.355
7.356
7.357
7.358
7.359
7.361
7.362
7.363
7.364
7.365
7.366
7.367
7.368
7.369
7.371
7.372
7.373
7.374
7.375
7.376
7.377
7.378
7.379
7.381
7.382
7.383
7.384
7.385
7.386
7.387
7.388
7.389
7.391
7.392
7.393
7.394
7.395
7.396
7.397
7.398
7.399
7.401
7.402
7.403
7.404
7.405
7.406
7.407
7.408
7.409
7.411
7.412
7.413
7.414
7.415
7.416
7.417
7.418
7.419
7.421
7.422
7.423
7.424
7.425
7.426
7.427
7.428
7.429
7.431
7.432
7.433
7.434
7.435
7.436
7.437
7.438
7.439
7.441
7.442
7.443
7.444
7.445
7.446
7.447
7.448
7.449
7.451
7.452
7.453
7.454
7.455
7.456
7.457
7.458
7.459
7.461
7.462
7.463
7.464
7.465
7.466
7.467
7.468
7.469
7.471
7.472
7.473
7.474
7.475
7.476
7.477
7.478
7.479
7.481
7.482
7.483
7.484
7.485
7.486
7.487
7.488
7.489
7.491
7.492
7.493
7.494
7.495
7.496
7.497
7.498
7.499
7.501
7.502
7.503
7.504
7.505
7.506
7.507
7.508
7.509
7.511
7.512
7.513
7.514
7.515
7.516
7.517
7.518
7.519
7.521
7.522
7.523
7.524
7.525
7.526
7.527
7.528
7.529
7.531
7.532
7.533
7.534
7.535
7.536
7.537
7.538
7.539
7.541
7.542
7.543
7.544
7.545
7.546
7.547
7.548
7.549
7.551
7.552
7.553
7.554
7.555
7.556
7.557
7.558
7.559
7.561
7.562
7.563
7.564
7.565
7.566
7.567
7.568
7.569
7.571
7.572
7.573
7.574
7.575
7.576
7.577
7.578
7.579
7.581
7.582
7.583
7.584
7.585
7.586
7.587
7.588
7.589
7.591
7.592
7.593
7.594
7.595
7.596
7.597
7.598
7.599
7.601
7.602
7.603
7.604
7.605
7.606
7.607
7.608
7.609
7.611
7.612
7.613
7.614
7.615
7.616
7.617
7.618
7.619
7.621
7.622
7.623
7.624
7.625
7.626
7.627
7.628
7.629
7.631
7.632
7.633
7.634
7.635
7.636
7.637
7.638
7.639
7.641
7.642
7.643
7.644
7.645
7.646
7.647
7.648
7.649
7.651
7.652
7.653
7.654
7.655
7.656
7.657
7.658
7.659
7.661
7.662
7.663
7.664
7.665
7.666
7.667
7.668
7.669
7.671
7.672
7.673
7.674
7.675
7.676
7.677
7.678
7.679
7.681
7.682
7.683
7.684
7.685
7.686
7.687
7.688
7.689
7.691
7.692
7.693
7.694
7.695
7.696
7.697
7.698
7.699
7.701
7.702
7.703
7.704
7.705
7.706
7.707
7.708
7.709
7.711
7.712
7.713
7.714
7.715
7.716
7.717
7.718
7.719
7.721
7.722
7.723
7.724
7.725
7.726
7.727
7.728
7.729
7.731
7.732
7.733
7.734
7.735
7.736
7.737
7.738
7.739
7.741
7.742
7.743
7.744
7.745
7.746
7.747
7.748
7.749
7.751
7.752
7.753
7.754
7.755
7.756
7.757
7.758
7.759
7.761
7.762
7.763
7.764
7.765
7.766
7.767
7.768
7.769
7.771
7.772
7.773
7.774
7.775
7.776
7.777
7.778
7.779
7.781
7.782
7.783
7.784
7.785
7.786
7.787
7.788
7.789
7.791
7.792
7.793
7.794
7.795
7.796
7.797
7.798
7.799
7.801
7.802
7.803
7.804
7.805
7.806
7.807
7.808
7.809
7.811
7.812
7.813
7.814
7.815
7.816
7.817
7.818
7.819
7.821
7.822
7.823
7.824
7.825
7.826
7.827
7.828
7.829
7.831
7.832
7.833
7.834
7.835
7.836
7.837
7.838
7.839
7.841
7.842
7.843
7.844
7.845
7.846
7.847
7.848
7.849
7.851
7.852
7.853
7.854
7.855
7.856
7.857
7.858
7.859
7.861
7.862
7.863
7.864
7.865
7.866
7.867
7.868
7.869
7.871
7.872
7.873
7.874
7.875
7.876
7.877
7.878
7.879
7.881
7.882
7.883
7.884
7.885
7.886
7.887
7.888
7.889
7.891
7.892
7.893
7.894
7.895
7.896
7.897
7.898
7.899
7.901
7.902
7.903
7.904
7.905
7.906
7.907
7.908
7.909
7.911
7.912
7.913
7.914
7.915
7.916
7.917
7.918
7.919
7.921
7.922
7.923
7.924
7.925
7.926
7.927
7.928
7.929
7.931
7.932
7.933
7.934
7.935
7.936
7.937
7.938
7.939
7.941
7.942
7.943
7.944
7.945
7.946
7.947
7.948
7.949
7.951
7.952
7.953
7.954
7.955
7.956
7.957
7.958
7.959
7.961
7.962
7.963
7.964
7.965
7.966
7.967
7.968
7.969
7.971
7.972
7.973
7.974
7.975
7.976
7.977
7.978
7.979
7.981
7.982
7.983
7.984
7.985
7.986
7.987
7.988
7.989
7.991
7.992
7.993
7.994
7.995
7.996
7.997
7.998
7.999
8.001
8.002
8.003
8.004
8.005
8.006
8.007
8.008
8.009
8.011
8.012
8.013
8.014
8.015
8.016
8.017
8.018
8.019
8.021
8.022
8.023
8.024
8.025
8.026
8.027
8.028
8.029
8.031
8.032
8.033
8.034
8.035
8.036
8.037
8.038
8.039
8.041
8.042
8.043
8.044
8.045
8.046
8.047
8.048
8.049
8.051
8.052
8.053
8.054
8.055
8.056
8.057
8.058
8.059
8.061
8.062
8.063
8.064
8.065
8.066
8.067
8.068
8.069
8.071
8.072
8.073
8.074
8.075
8.076
8.077
8.078
8.079
8.081
8.082
8.083
8.084
8.085
8.086
8.087
8.088
8.089
8.091
8.092
8.093
8.094
8.095
8.096
8.097
8.098
8.099
8.101
8.102
8.103
8.104
8.105
8.106
8.107
8.108
8.109
8.111
8.112
8.113
8.114
8.115
8.116
8.117
8.118
8.119
8.121
8.122
8.123
8.124
8.125
8.126
8.127
8.128
8.129
8.131
8.132
8.133
8.134
8.135
8.136
8.137
8.138
8.139
8.141
8.142
8.143
8.144
8.145
8.146
8.147
8.148
8.149
8.151
8.152
8.153
8.154
8.155
8.156
8.157
8.158
8.159
8.161
8.162
8.163
8.164
8.165
8.166
8.167
8.168
8.169
8.171
8.172
8.173
8.174
8.175
8.176
8.177
8.178
8.179
8.181
8.182
8.183
8.184
8.185
8.186
8.187
8.188
8.189
8.191
8.192
8.193
8.194
8.195
8.196
8.197
8.198
8.199
8.201
8.202
8.203
8.204
8.205
8.206
8.207
8.208
8.209
8.211
8.212
8.213
8.214
8.215
8.216
8.217
8.218
8.219
8.221
8.222
8.223
8.224
8.225
8.226
8.227
8.228
8.229
8.231
8.232
8.233
8.234
8.235
8.236
8.237
8.238
8.239
8.241
8.242
8.243
8.244
8.245
8.246
8.247
8.248
8.249
8.251
8.252
8.253
8.254
8.255
8.256
8.257
8.258
8.259
8.261
8.262
8.263
8.264
8.265
8.266
8.267
8.268
8.269
8.271
8.272
8.273
8.274
8.275
8.276
8.277
8.278
8.279
8.281
8.282
8.283
8.284
8.285
8.286
8.287
8.288
8.289
8.291
8.292
8.293
8.294
8.295
8.296
8.297
8.298
8.299
8.301
8.302
8.303
8.304
8.305
8.306
8.307
8.308
8.309
8.311
8.312
8.313
8.314
8.315
8.316
8.317
8.318
8.319
8.321
8.322
8.323
8.324
8.325
8.326
8.327
8.328
8.329
8.331
8.332
8.333
8.334
8.335
8.336
8.337
8.338
8.339
8.341
8.342
8.343
8.344
8.345
8.346
8.347
8.348
8.349
8.351
8.352
8.353
8.354
8.355
8.356
8.357
8.358
8.359
8.361
8.362
8.363
8.364
8.365
8.366
8.367
8.368
8.369
8.371
8.372
8.373
8.374
8.375
8.376
8.377
8.378
8.379
8.381
8.382
8.383
8.384
8.385
8.386
8.387
8.388
8.389
8.391
8.392
8.393
8.394
8.395
8.396
8.397
8.398
8.399
8.401
8.402
8.403
8.404
8.405
8.406
8.407
8.408
8.409
8.411
8.412
8.413
8.414
8.415
8.416
8.417
8.418
8.419
8.421
8.422
8.423
8.424
8.425
8.426
8.427
8.428
8.429
8.431
8.432
8.433
8.434
8.435
8.436
8.437
8.438
8.439
8.441
8.442
8.443
8.444
8.445
8.446
8.447
8.448
8.449
8.451
8.452
8.453
8.454
8.455
8.456
8.457
8.458
8.459
8.461
8.462
8.463
8.464
8.465
8.466
8.467
8.468
8.469
8.471
8.472
8.473
8.474
8.475
8.476
8.477
8.478
8.479
8.481
8.482
8.483
8.484
8.485
8.486
8.487
8.488
8.489
8.491
8.492
8.493
8.494
8.495
8.496
8.497
8.498
8.499
8.501
8.502
8.503
8.504
8.505
8.506
8.507
8.508
8.509
8.511
8.512
8.513
8.514
8.515
8.516
8.517
8.518
8.519
8.521
8.522
8.523
8.524
8.525
8.526
8.527
8.528
8.529
8.531
8.532
8.533
8.534
8.535
8.536
8.537
8.538
8.539
8.541
8.542
8.543
8.544
8.545
8.546
8.547
8.548
8.549
8.551
8.552
8.553
8.554
8.555
8.556
8.557
8.558
8.559
8.561
8.562
8.563
8.564
8.565
8.566
8.567
8.568
8.569
8.571
8.572
8.573
8.574
8.575
8.576
8.577
8.578
8.579
8.581
8.582
8.583
8.584
8.585
8.586
8.587
8.588
8.589
8.591
8.592
8.593
8.594
8.595
8.596
8.597
8.598
8.599
8.601
8.602
8.603
8.604
8.605
8.606
8.607
8.608
8.609
8.611
8.612
8.613
8.614
8.615
8.616
8.617
8.618
8.619
8.621
8.622
8.623
8.624
8.625
8.626
8.627
8.628
8.629
8.631
8.632
8.633
8.634
8.635
8.636
8.637
8.638
8.639
8.641
8.642
8.643
8.644
8.645
8.646
8.647
8.648
8.649
8.651
8.652
8.653
8.654
8.655
8.656
8.657
8.658
8.659
8.661
8.662
8.663
8.664
8.665
8.666
8.667
8.668
8.669
8.671
8.672
8.673
8.674
8.675
8.676
8.677
8.678
8.679
8.681
8.682
8.683
8.684
8.685
8.686
8.687
8.688
8.689
8.691
8.692
8.693
8.694
8.695
8.696
8.697
8.698
8.699
8.701
8.702
8.703
8.704
8.705
8.706
8.707
8.708
8.709
8.711
8.712
8.713
8.714
8.715
8.716
8.717
8.718
8.719
8.721
8.722
8.723
8.724
8.725
8.726
8.727
8.728
8.729
8.731
8.732
8.733
8.734
8.735
8.736
8.737
8.738
8.739
8.741
8.742
8.743
8.744
8.745
8.746
8.747
8.748
8.749
8.751
8.752
8.753
8.754
8.755
8.756
8.757
8.758
8.759
8.761
8.762
8.763
8.764
8.765
8.766
8.767
8.768
8.769
8.771
8.772
8.773
8.774
8.775
8.776
8.777
8.778
8.779
8.781
8.782
8.783
8.784
8.785
8.786
8.787
8.788
8.789
8.791
8.792
8.793
8.794
8.795
8.796
8.797
8.798
8.799
8.801
8.802
8.803
8.804
8.805
8.806
8.807
8.808
8.809
8.811
8.812
8.813
8.814
8.815
8.816
8.817
8.818
8.819
8.821
8.822
8.823
8.824
8.825
8.826
8.827
8.828
8.829
8.831
8.832
8.833
8.834
8.835
8.836
8.837
8.838
8.839
8.841
8.842
8.843
8.844
8.845
8.846
8.847
8.848
8.849
8.851
8.852
8.853
8.854
8.855
8.856
8.857
8.858
8.859
8.861
8.862
8.863
8.864
8.865
8.866
8.867
8.868
8.869
8.871
8.872
8.873
8.874
8.875
8.876
8.877
8.878
8.879
8.881
8.882
8.883
8.884
8.885
8.886
8.887
8.888
8.889
8.891
8.892
8.893
8.894
8.895
8.896
8.897
8.898
8.899
8.901
8.902
8.903
8.904
8.905
8.906
8.907
8.908
8.909
8.911
8.912
8.913
8.914
8.915
8.916
8.917
8.918
8.919
8.921
8.922
8.923
8.924
8.925
8.926
8.927
8.928
8.929
8.931
8.932
8.933
8.934
8.935
8.936
8.937
8.938
8.939
8.941
8.942
8.943
8.944
8.945
8.946
8.947
8.948
8.949
8.951
8.952
8.953
8.954
8.955
8.956
8.957
8.958
8.959
8.961
8.962
8.963
8.964
8.965
8.966
8.967
8.968
8.969
8.971
8.972
8.973
8.974
8.975
8.976
8.977
8.978
8.979
8.981
8.982
8.983
8.984
8.985
8.986
8.987
8.988
8.989
8.991
8.992
8.993
8.994
8.995
8.996
8.997
8.998
8.999
9.001
9.002
9.003
9.004
9.005
9.006
9.007
9.008
9.009
9.011
9.012
9.013
9.014
9.015
9.016
9.017
9.018
9.019
9.021
9.022
9.023
9.024
9.025
9.026
9.027
9.028
9.029
9.031
9.032
9.033
9.034
9.035
9.036
9.037
9.038
9.039
9.041
9.042
9.043
9.044
9.045
9.046
9.047
9.048
9.049
9.051
9.052
9.053
9.054
9.055
9.056
9.057
9.058
9.059
9.061
9.062
9.063
9.064
9.065
9.066
9.067
9.068
9.069
9.071
9.072
9.073
9.074
9.075
9.076
9.077
9.078
9.079
9.081
9.082
9.083
9.084
9.085
9.086
9.087
9.088
9.089
9.091
9.092
9.093
9.094
9.095
9.096
9.097
9.098
9.099
9.101
9.102
9.103
9.104
9.105
9.106
9.107
9.108
9.109
9.111
9.112
9.113
9.114
9.115
9.116
9.117
9.118
9.119
9.121
9.122
9.123
9.124
9.125
9.126
9.127
9.128
9.129
9.131
9.132
9.133
9.134
9.135
9.136
9.137
9.138
9.139
9.141
9.142
9.143
9.144
9.145
9.146
9.147
9.148
9.149
9.151
9.152
9.153
9.154
9.155
9.156
9.157
9.158
9.159
9.161
9.162
9.163
9.164
9.165
9.166
9.167
9.168
9.169
9.171
9.172
9.173
9.174
9.175
9.176
9.177
9.178
9.179
9.181
9.182
9.183
9.184
9.185
9.186
9.187
9.188
9.189
9.191
9.192
9.193
9.194
9.195
9.196
9.197
9.198
9.199
9.201
9.202
9.203
9.204
9.205
9.206
9.207
9.208
9.209
9.211
9.212
9.213
9.214
9.215
9.216
9.217
9.218
9.219
9.221
9.222
9.223
9.224
9.225
9.226
9.227
9.228
9.229
9.231
9.232
9.233
9.234
9.235
9.236
9.237
9.238
9.239
9.241
9.242
9.243
9.244
9.245
9.246
9.247
9.248
9.249
9.251
9.252
9.253
9.254
9.255
9.256
9.257
9.258
9.259
9.261
9.262
9.263
9.264
9.265
9.266
9.267
9.268
9.269
9.271
9.272
9.273
9.274
9.275
9.276
9.277
9.278
9.279
9.281
9.282
9.283
9.284
9.285
9.286
9.287
9.288
9.289
9.291
9.292
9.293
9.294
9.295
9.296
9.297
9.298
9.299
9.301
9.302
9.303
9.304
9.305
9.306
9.307
9.308
9.309
9.311
9.312
9.313
9.314
9.315
9.316
9.317
9.318
9.319
9.321
9.322
9.323
9.324
9.325
9.326
9.327
9.328
9.329
9.331
9.332
9.333
9.334
9.335
9.336
9.337
9.338
9.339
9.341
9.342
9.343
9.344
9.345
9.346
9.347
9.348
9.349
9.351
9.352
9.353
9.354
9.355
9.356
9.357
9.358
9.359
9.361
9.362
9.363
9.364
9.365
9.366
9.367
9.368
9.369
9.371
9.372
9.373
9.374
9.375
9.376
9.377
9.378
9.379
9.381
9.382
9.383
9.384
9.385
9.386
9.387
9.388
9.389
9.391
9.392
9.393
9.394
9.395
9.396
9.397
9.398
9.399
9.401
9.402
9.403
9.404
9.405
9.406
9.407
9.408
9.409
9.411
9.412
9.413
9.414
9.415
9.416
9.417
9.418
9.419
9.421
9.422
9.423
9.424
9.425
9.426
9.427
9.428
9.429
9.431
9.432
9.433
9.434
9.435
9.436
9.437
9.438
9.439
9.441
9.442
9.443
9.444
9.445
9.446
9.447
9.448
9.449
9.451
9.452
9.453
9.454
9.455
9.456
9.457
9.458
9.459
9.461
9.462
9.463
9.464
9.465
9.466
9.467
9.468
9.469
9.471
9.472
9.473
9.474
9.475
9.476
9.477
9.478
9.479
9.481
9.482
9.483
9.484
9.485
9.486
9.487
9.488
9.489
9.491
9.492
9.493
9.494
9.495
9.496
9.497
9.498
9.499
9.501
9.502
9.503
9.504
9.505
9.506
9.507
9.508
9.509
9.511
9.512
9.513
9.514
9.515
9.516
9.517
9.518
9.519
9.521
9.522
9.523
9.524
9.525
9.526
9.527
9.528
9.529
9.531
9.532
9.533
9.534
9.535
9.536
9.537
9.538
9.539
9.541
9.542
9.543
9.544
9.545
9.546
9.547
9.548
9.549
9.551
9.552
9.553
9.554
9.555
9.556
9.557
9.558
9.559
9.561
9.562
9.563
9.564
9.565
9.566
9.567
9.568
9.569
9.571
9.572
9.573
9.574
9.575
9.576
9.577
9.578
9.579
9.581
9.582
9.583
9.584
9.585
9.586
9.587
9.588
9.589
9.591
9.592
9.593
9.594
9.595
9.596
9.597
9.598
9.599
9.601
9.602
9.603
9.604
9.605
9.606
9.607
9.608
9.609
9.611
9.612
9.613
9.614
9.615
9.616
9.617
9.618
9.619
9.621
9.622
9.623
9.624
9.625
9.626
9.627
9.628
9.629
9.631
9.632
9.633
9.634
9.635
9.636
9.637
9.638
9.639
9.641
9.642
9.643
9.644
9.645
9.646
9.647
9.648
9.649
9.651
9.652
9.653
9.654
9.655
9.656
9.657
9.658
9.659
9.661
9.662
9.663
9.664
9.665
9.666
9.667
9.668
9.669
9.671
9.672
9.673
9.674
9.675
9.676
9.677
9.678
9.679
9.681
9.682
9.683
9.684
9.685
9.686
9.687
9.688
9.689
9.691
9.692
9.693
9.694
9.695
9.696
9.697
9.698
9.699
9.701
9.702
9.703
9.704
9.705
9.706
9.707
9.708
9.709
9.711
9.712
9.713
9.714
9.715
9.716
9.717
9.718
9.719
9.721
9.722
9.723
9.724
9.725
9.726
9.727
9.728
9.729
9.731
9.732
9.733
9.734
9.735
9.736
9.737
9.738
9.739
9.741
9.742
9.743
9.744
9.745
9.746
9.747
9.748
9.749
9.751
9.752
9.753
9.754
9.755
9.756
9.757
9.758
9.759
9.761
9.762
9.763
9.764
9.765
9.766
9.767
9.768
9.769
9.771
9.772
9.773
9.774
9.775
9.776
9.777
9.778
9.779
9.781
9.782
9.783
9.784
9.785
9.786
9.787
9.788
9.789
9.791
9.792
9.793
9.794
9.795
9.796
9.797
9.798
9.799
9.801
9.802
9.803
9.804
9.805
9.806
9.807
9.808
9.809
9.811
9.812
9.813
9.814
9.815
9.816
9.817
9.818
9.819
9.821
9.822
9.823
9.824
9.825
9.826
9.827
9.828
9.829
9.831
9.832
9.833
9.834
9.835
9.836
9.837
9.838
9.839
9.841
9.842
9.843
9.844
9.845
9.846
9.847
9.848
9.849
9.851
9.852
9.853
9.854
9.855
9.856
9.857
9.858
9.859
9.861
9.862
9.863
9.864
9.865
9.866
9.867
9.868
9.869
9.871
9.872
9.873
9.874
9.875
9.876
9.877
9.878
9.879
9.881
9.882
9.883
9.884
9.885
9.886
9.887
9.888
9.889
9.891
9.892
9.893
9.894
9.895
9.896
9.897
9.898
9.899
9.901
9.902
9.903
9.904
9.905
9.906
9.907
9.908
9.909
9.911
9.912
9.913
9.914
9.915
9.916
9.917
9.918
9.919
9.921
9.922
9.923
9.924
9.925
9.926
9.927
9.928
9.929
9.931
9.932
9.933
9.934
9.935
9.936
9.937
9.938
9.939
9.941
9.942
9.943
9.944
9.945
9.946
9.947
9.948
9.949
9.951
9.952
9.953
9.954
9.955
9.956
9.957
9.958
9.959
9.961
9.962
9.963
9.964
9.965
9.966
9.967
9.968
9.969
9.971
9.972
9.973
9.974
9.975
9.976
9.977
9.978
9.979
9.981
9.982
9.983
9.984
9.985
9.986
9.987
9.988
9.989
9.991
9.992
9.993
9.994
9.995
9.996
9.997
9.998
9.999
10.01
10.02
10.03
10.04
10.05
10.06
10.07
10.08
10.09
10.11
10.12
10.13
10.14
10.15
10.16
10.17
10.18
10.19
10.21
10.22
10.23
10.24
10.25
10.26
10.27
10.28
10.29
10.31
10.32
10.33
10.34
10.35
10.36
10.37
10.38
10.39
10.41
10.42
10.43
10.44
10.45
10.46
10.47
10.48
10.49
10.51
10.52
10.53
10.54
10.55
10.56
10.57
10.58
10.59
10.61
10.62
10.63
10.64
10.65
10.66
10.67
10.68
10.69
10.71
10.72
10.73
10.74
10.75
10.76
10.77
10.78
10.79
10.81
10.82
10.83
10.84
10.85
10.86
10.87
10.88
10.89
10.91
10.92
10.93
10.94
10.95
10.96
10.97
10.98
10.99
11.01
11.02
11.03
11.04
11.05
11.06
11.07
11.08
11.09
11.11
11.12
11.13
11.14
11.15
11.16
11.17
11.18
11.19
11.21
11.22
11.23
11.24
11.25
11.26
11.27
11.28
11.29
11.31
11.32
11.33
11.34
11.35
11.36
11.37
11.38
11.39
11.41
11.42
11.43
11.44
11.45
11.46
11.47
11.48
11.49
11.51
11.52
11.53
11.54
11.55
11.56
11.57
11.58
11.59
11.61
11.62
11.63
11.64
11.65
11.66
11.67
11.68
11.69
11.71
11.72
11.73
11.74
11.75
11.76
11.77
11.78
11.79
11.81
11.82
11.83
11.84
11.85
11.86
11.87
11.88
11.89
11.91
11.92
11.93
11.94
11.95
11.96
11.97
11.98
11.99
12.01
12.02
12.03
12.04
12.05
12.06
12.07
12.08
12.09
12.11
12.12
12.13
12.14
12.15
12.16
12.17
12.18
12.19
12.21
12.22
12.23
12.24
12.25
12.26
12.27
12.28
12.29
12.31
12.32
12.33
12.34
12.35
12.36
12.37
12.38
12.39
12.41
12.42
12.43
12.44
12.45
12.46
12.47
12.48
12.49
12.51
12.52
12.53
12.54
12.55
12.56
12.57
12.58
12.59
12.61
12.62
12.63
12.64
12.65
12.66
12.67
12.68
12.69
12.71
12.72
12.73
12.74
12.75
12.76
12.77
12.78
12.79
12.81
12.82
12.83
12.84
12.85
12.86
12.87
12.88
12.89
12.91
12.92
12.93
12.94
12.95
12.96
12.97
12.98
12.99
13.01
13.02
13.03
13.04
13.05
13.06
13.07
13.08
13.09
13.11
13.12
13.13
13.14
13.15
13.16
13.17
13.18
13.19
13.21
13.22
13.23
13.24
13.25
13.26
13.27
13.28
13.29
13.31
13.32
13.33
13.34
13.35
13.36
13.37
13.38
13.39
13.41
13.42
13.43
13.44
13.45
13.46
13.47
13.48
13.49
13.51
13.52
13.53
13.54
13.55
13.56
13.57
13.58
13.59
13.61
13.62
13.63
13.64
13.65
13.66
13.67
13.68
13.69
13.71
13.72
13.73
13.74
13.75
13.76
13.77
13.78
13.79
13.81
13.82
13.83
13.84
13.85
13.86
13.87
13.88
13.89
13.91
13.92
13.93
13.94
13.95
13.96
13.97
13.98
13.99
14.01
14.02
14.03
14.04
14.05
14.06
14.07
14.08
14.09
14.11
14.12
14.13
14.14
14.15
14.16
14.17
14.18
14.19
14.21
14.22
14.23
14.24
14.25
14.26
14.27
14.28
14.29
14.31
14.32
14.33
14.34
14.35
14.36
14.37
14.38
14.39
14.41
14.42
14.43
14.44
14.45
14.46
14.47
14.48
14.49
14.51
14.52
14.53
14.54
14.55
14.56
14.57
14.58
14.59
14.61
14.62
14.63
14.64
14.65
14.66
14.67
14.68
14.69
14.71
14.72
14.73
14.74
14.75
14.76
14.77
14.78
14.79
14.81
14.82
14.83
14.84
14.85
14.86
14.87
14.88
14.89
14.91
14.92
14.93
14.94
14.95
14.96
14.97
14.98
14.99
15.01
15.02
15.03
15.04
15.05
15.06
15.07
15.08
15.09
15.11
15.12
15.13
15.14
15.15
15.16
15.17
15.18
15.19
15.21
15.22
15.23
15.24
15.25
15.26
15.27
15.28
15.29
15.31
15.32
15.33
15.34
15.35
15.36
15.37
15.38
15.39
15.41
15.42
15.43
15.44
15.45
15.46
15.47
15.48
15.49
15.51
15.52
15.53
15.54
15.55
15.56
15.57
15.58
15.59
15.61
15.62
15.63
15.64
15.65
15.66
15.67
15.68
15.69
15.71
15.72
15.73
15.74
15.75
15.76
15.77
15.78
15.79
15.81
15.82
15.83
15.84
15.85
15.86
15.87
15.88
15.89
15.91
15.92
15.93
15.94
15.95
15.96
15.97
15.98
15.99
16.01
16.02
16.03
16.04
16.05
16.06
16.07
16.08
16.09
16.11
16.12
16.13
16.14
16.15
16.16
16.17
16.18
16.19
16.21
16.22
16.23
16.24
16.25
16.26
16.27
16.28
16.29
16.31
16.32
16.33
16.34
16.35
16.36
16.37
16.38
16.39
16.41
16.42
16.43
16.44
16.45
16.46
16.47
16.48
16.49
16.51
16.52
16.53
16.54
16.55
16.56
16.57
16.58
16.59
16.61
16.62
16.63
16.64
16.65
16.66
16.67
16.68
16.69
16.71
16.72
16.73
16.74
16.75
16.76
16.77
16.78
16.79
16.81
16.82
16.83
16.84
16.85
16.86
16.87
16.88
16.89
16.91
16.92
16.93
16.94
16.95
16.96
16.97
16.98
16.99
17.01
17.02
17.03
17.04
17.05
17.06
17.07
17.08
17.09
17.11
17.12
17.13
17.14
17.15
17.16
17.17
17.18
17.19
17.21
17.22
17.23
17.24
17.25
17.26
17.27
17.28
17.29
17.31
17.32
17.33
17.34
17.35
17.36
17.37
17.38
17.39
17.41
17.42
17.43
17.44
17.45
17.46
17.47
17.48
17.49
17.51
17.52
17.53
17.54
17.55
17.56
17.57
17.58
17.59
17.61
17.62
17.63
17.64
17.65
17.66
17.67
17.68
17.69
17.71
17.72
17.73
17.74
17.75
17.76
17.77
17.78
17.79
17.81
17.82
17.83
17.84
17.85
17.86
17.87
17.88
17.89
17.91
17.92
17.93
17.94
17.95
17.96
17.97
17.98
17.99
18.01
18.02
18.03
18.04
18.05
18.06
18.07
18.08
18.09
18.11
18.12
18.13
18.14
18.15
18.16
18.17
18.18
18.19
18.21
18.22
18.23
18.24
18.25
18.26
18.27
18.28
18.29
18.31
18.32
18.33
18.34
18.35
18.36
18.37
18.38
18.39
18.41
18.42
18.43
18.44
18.45
18.46
18.47
18.48
18.49
18.51
18.52
18.53
18.54
18.55
18.56
18.57
18.58
18.59
18.61
18.62
18.63
18.64
18.65
18.66
18.67
18.68
18.69
18.71
18.72
18.73
18.74
18.75
18.76
18.77
18.78
18.79
18.81
18.82
18.83
18.84
18.85
18.86
18.87
18.88
18.89
18.91
18.92
18.93
18.94
18.95
18.96
18.97
18.98
18.99
19.01
19.02
19.03
19.04
19.05
19.06
19.07
19.08
19.09
19.11
19.12
19.13
19.14
19.15
19.16
19.17
19.18
19.19
19.21
19.22
19.23
19.24
19.25
19.26
19.27
19.28
19.29
19.31
19.32
19.33
19.34
19.35
19.36
19.37
19.38
19.39
19.41
19.42
19.43
19.44
19.45
19.46
19.47
19.48
19.49
19.51
19.52
19.53
19.54
19.55
19.56
19.57
19.58
19.59
19.61
19.62
19.63
19.64
19.65
19.66
19.67
19.68
19.69
19.71
19.72
19.73
19.74
19.75
19.76
19.77
19.78
19.79
19.81
19.82
19.83
19.84
19.85
19.86
19.87
19.88
19.89
19.91
19.92
19.93
19.94
19.95
19.96
19.97
19.98
19.99
20.01
20.02
20.03
20.04
20.05
20.06
20.07
20.08
20.09
20.11
20.12
20.13
20.14
20.15
20.16
20.17
20.18
20.19
20.21
20.22
20.23
20.24
20.25
20.26
20.27
20.28
20.29
20.31
20.32
20.33
20.34
20.35
20.36
20.37
20.38
20.39
20.41
20.42
20.43
20.44
20.45
20.46
20.47
20.48
20.49
20.51
20.52
20.53
20.54
20.55
20.56
20.57
20.58
20.59
20.61
20.62
20.63
20.64
20.65
20.66
20.67
20.68
20.69
20.71
20.72
20.73
20.74
20.75
20.76
20.77
20.78
20.79
20.81
20.82
20.83
20.84
20.85
20.86
20.87
20.88
20.89
20.91
20.92
20.93
20.94
20.95
20.96
20.97
20.98
20.99
21.01
21.02
21.03
21.04
21.05
21.06
21.07
21.08
21.09
21.11
21.12
21.13
21.14
21.15
21.16
21.17
21.18
21.19
21.21
21.22
21.23
21.24
21.25
21.26
21.27
21.28
21.29
21.31
21.32
21.33
21.34
21.35
21.36
21.37
21.38
21.39
21.41
21.42
21.43
21.44
21.45
21.46
21.47
21.48
21.49
21.51
21.52
21.53
21.54
21.55
21.56
21.57
21.58
21.59
21.61
21.62
21.63
21.64
21.65
21.66
21.67
21.68
21.69
21.71
21.72
21.73
21.74
21.75
21.76
21.77
21.78
21.79
21.81
21.82
21.83
21.84
21.85
21.86
21.87
21.88
21.89
21.91
21.92
21.93
21.94
21.95
21.96
21.97
21.98
21.99
22.01
22.02
22.03
22.04
22.05
22.06
22.07
22.08
22.09
22.11
22.12
22.13
22.14
22.15
22.16
22.17
22.18
22.19
22.21
22.22
22.23
22.24
22.25
22.26
22.27
22.28
22.29
22.31
22.32
22.33
22.34
22.35
22.36
22.37
22.38
22.39
22.41
22.42
22.43
22.44
22.45
22.46
22.47
22.48
22.49
22.51
22.52
22.53
22.54
22.55
22.56
22.57
22.58
22.59
22.61
22.62
22.63
22.64
22.65
22.66
22.67
22.68
22.69
22.71
22.72
22.73
22.74
22.75
22.76
22.77
22.78
22.79
22.81
22.82
22.83
22.84
22.85
22.86
22.87
22.88
22.89
22.91
22.92
22.93
22.94
22.95
22.96
22.97
22.98
22.99
23.01
23.02
23.03
23.04
23.05
23.06
23.07
23.08
23.09
23.11
23.12
23.13
23.14
23.15
23.16
23.17
23.18
23.19
23.21
23.22
23.23
23.24
23.25
23.26
23.27
23.28
23.29
23.31
23.32
23.33
23.34
23.35
23.36
23.37
23.38
23.39
23.41
23.42
23.43
23.44
23.45
23.46
23.47
23.48
23.49
23.51
23.52
23.53
23.54
23.55
23.56
23.57
23.58
23.59
23.61
23.62
23.63
23.64
23.65
23.66
23.67
23.68
23.69
23.71
23.72
23.73
23.74
23.75
23.76
23.77
23.78
23.79
23.81
23.82
23.83
23.84
23.85
23.86
23.87
23.88
23.89
23.91
23.92
23.93
23.94
23.95
23.96
23.97
23.98
23.99
24.01
24.02
24.03
24.04
24.05
24.06
24.07
24.08
24.09
24.11
24.12
24.13
24.14
24.15
24.16
24.17
24.18
24.19
24.21
24.22
24.23
24.24
24.25
24.26
24.27
24.28
24.29
24.31
24.32
24.33
24.34
24.35
24.36
24.37
24.38
24.39
24.41
24.42
24.43
24.44
24.45
24.46
24.47
24.48
24.49
24.51
24.52
24.53
24.54
24.55
24.56
24.57
24.58
24.59
24.61
24.62
24.63
24.64
24.65
24.66
24.67
24.68
24.69
24.71
24.72
24.73
24.74
24.75
24.76
24.77
24.78
24.79
24.81
24.82
24.83
24.84
24.85
24.86
24.87
24.88
24.89
24.91
24.92
24.93
24.94
24.95
24.96
24.97
24.98
24.99
25.01
25.02
25.03
25.04
25.05
25.06
25.07
25.08
25.09
25.11
25.12
25.13
25.14
25.15
25.16
25.17
25.18
25.19
25.21
25.22
25.23
25.24
25.25
25.26
25.27
25.28
25.29
25.31
25.32
25.33
25.34
25.35
25.36
25.37
25.38
25.39
25.41
25.42
25.43
25.44
25.45
25.46
25.47
25.48
25.49
25.51
25.52
25.53
25.54
25.55
25.56
25.57
25.58
25.59
25.61
25.62
25.63
25.64
25.65
25.66
25.67
25.68
25.69
25.71
25.72
25.73
25.74
25.75
25.76
25.77
25.78
25.79
25.81
25.82
25.83
25.84
25.85
25.86
25.87
25.88
25.89
25.91
25.92
25.93
25.94
25.95
25.96
25.97
25.98
25.99
26.01
26.02
26.03
26.04
26.05
26.06
26.07
26.08
26.09
26.11
26.12
26.13
26.14
26.15
26.16
26.17
26.18
26.19
26.21
26.22
26.23
26.24
26.25
26.26
26.27
26.28
26.29
26.31
26.32
26.33
26.34
26.35
26.36
26.37
26.38
26.39
26.41
26.42
26.43
26.44
26.45
26.46
26.47
26.48
26.49
26.51
26.52
26.53
26.54
26.55
26.56
26.57
26.58
26.59
26.61
26.62
26.63
26.64
26.65
26.66
26.67
26.68
26.69
26.71
26.72
26.73
26.74
26.75
26.76
26.77
26.78
26.79
26.81
26.82
26.83
26.84
26.85
26.86
26.87
26.88
26.89
26.91
26.92
26.93
26.94
26.95
26.96
26.97
26.98
26.99
27.01
27.02
27.03
27.04
27.05
27.06
27.07
27.08
27.09
27.11
27.12
27.13
27.14
27.15
27.16
27.17
27.18
27.19
27.21
27.22
27.23
27.24
27.25
27.26
27.27
27.28
27.29
27.31
27.32
27.33
27.34
27.35
27.36
27.37
27.38
27.39
27.41
27.42
27.43
27.44
27.45
27.46
27.47
27.48
27.49
27.51
27.52
27.53
27.54
27.55
27.56
27.57
27.58
27.59
27.61
27.62
27.63
27.64
27.65
27.66
27.67
27.68
27.69
27.71
27.72
27.73
27.74
27.75
27.76
27.77
27.78
27.79
27.81
27.82
27.83
27.84
27.85
27.86
27.87
27.88
27.89
27.91
27.92
27.93
27.94
27.95
27.96
27.97
27.98
27.99
28.01
28.02
28.03
28.04
28.05
28.06
28.07
28.08
28.09
28.11
28.12
28.13
28.14
28.15
28.16
28.17
28.18
28.19
28.21
28.22
28.23
28.24
28.25
28.26
28.27
28.28
28.29
28.31
28.32
28.33
28.34
28.35
28.36
28.37
28.38
28.39
28.41
28.42
28.43
28.44
28.45
28.46
28.47
28.48
28.49
28.51
28.52
28.53
28.54
28.55
28.56
28.57
28.58
28.59
28.61
28.62
28.63
28.64
28.65
28.66
28.67
28.68
28.69
28.71
28.72
28.73
28.74
28.75
28.76
28.77
28.78
28.79
28.81
28.82
28.83
28.84
28.85
28.86
28.87
28.88
28.89
28.91
28.92
28.93
28.94
28.95
28.96
28.97
28.98
28.99
29.01
29.02
29.03
29.04
29.05
29.06
29.07
29.08
29.09
29.11
29.12
29.13
29.14
29.15
29.16
29.17
29.18
29.19
29.21
29.22
29.23
29.24
29.25
29.26
29.27
29.28
29.29
29.31
29.32
29.33
29.34
29.35
29.36
29.37
29.38
29.39
29.41
29.42
29.43
29.44
29.45
29.46
29.47
29.48
29.49
29.51
29.52
29.53
29.54
29.55
29.56
29.57
29.58
29.59
29.61
29.62
29.63
29.64
29.65
29.66
29.67
29.68
29.69
29.71
29.72
29.73
29.74
29.75
29.76
29.77
29.78
29.79
29.81
29.82
29.83
29.84
29.85
29.86
29.87
29.88
29.89
29.91
29.92
29.93
29.94
29.95
29.96
29.97
29.98
29.99
30.01
30.02
30.03
30.04
30.05
30.06
30.07
30.08
30.09
30.11
30.12
30.13
30.14
30.15
30.16
30.17
30.18
30.19
30.21
30.22
30.23
30.24
30.25
30.26
30.27
30.28
30.29
30.31
30.32
30.33
30.34
30.35
30.36
30.37
30.38
30.39
30.41
30.42
30.43
30.44
30.45
30.46
30.47
30.48
30.49
30.51
30.52
30.53
30.54
30.55
30.56
30.57
30.58
30.59
30.61
30.62
30.63
30.64
30.65
30.66
30.67
30.68
30.69
30.71
30.72
30.73
30.74
30.75
30.76
30.77
30.78
30.79
30.81
30.82
30.83
30.84
30.85
30.86
30.87
30.88
30.89
30.91
30.92
30.93
30.94
30.95
30.96
30.97
30.98
30.99
31.01
31.02
31.03
31.04
31.05
31.06
31.07
31.08
31.09
31.11
31.12
31.13
31.14
31.15
31.16
31.17
31.18
31.19
31.21
31.22
31.23
31.24
31.25
31.26
31.27
31.28
31.29
31.31
31.32
31.33
31.34
31.35
31.36
31.37
31.38
31.39
31.41
31.42
31.43
31.44
31.45
31.46
31.47
31.48
31.49
31.51
31.52
31.53
31.54
31.55
31.56
31.57
31.58
31.59
31.61
31.62
31.63
31.64
31.65
31.66
31.67
31.68
31.69
31.71
31.72
31.73
31.74
31.75
31.76
31.77
31.78
31.79
31.81
31.82
31.83
31.84
31.85
31.86
31.87
31.88
31.89
31.91
31.92
31.93
31.94
31.95
31.96
31.97
31.98
31.99
32.01
32.02
32.03
32.04
32.05
32.06
32.07
32.08
32.09
32.11
32.12
32.13
32.14
32.15
32.16
32.17
32.18
32.19
32.21
32.22
32.23
32.24
32.25
32.26
32.27
32.28
32.29
32.31
32.32
32.33
32.34
32.35
32.36
32.37
32.38
32.39
32.41
32.42
32.43
32.44
32.45
32.46
32.47
32.48
32.49
32.51
32.52
32.53
32.54
32.55
32.56
32.57
32.58
32.59
32.61
32.62
32.63
32.64
32.65
32.66
32.67
32.68
32.69
32.71
32.72
32.73
32.74
32.75
32.76
32.77
32.78
32.79
32.81
32.82
32.83
32.84
32.85
32.86
32.87
32.88
32.89
32.91
32.92
32.93
32.94
32.95
32.96
32.97
32.98
32.99
33.01
33.02
33.03
33.04
33.05
33.06
33.07
33.08
33.09
33.11
33.12
33.13
33.14
33.15
33.16
33.17
33.18
33.19
33.21
33.22
33.23
33.24
33.25
33.26
33.27
33.28
33.29
33.31
33.32
33.33
33.34
33.35
33.36
33.37
33.38
33.39
33.41
33.42
33.43
33.44
33.45
33.46
33.47
33.48
33.49
33.51
33.52
33.53
33.54
33.55
33.56
33.57
33.58
33.59
33.61
33.62
33.63
33.64
33.65
33.66
33.67
33.68
33.69
33.71
33.72
33.73
33.74
33.75
33.76
33.77
33.78
33.79
33.81
33.82
33.83
33.84
33.85
33.86
33.87
33.88
33.89
33.91
33.92
33.93
33.94
33.95
33.96
33.97
33.98
33.99
34.01
34.02
34.03
34.04
34.05
34.06
34.07
34.08
34.09
34.11
34.12
34.13
34.14
34.15
34.16
34.17
34.18
34.19
34.21
34.22
34.23
34.24
34.25
34.26
34.27
34.28
34.29
34.31
34.32
34.33
34.34
34.35
34.36
34.37
34.38
34.39
34.41
34.42
34.43
34.44
34.45
34.46
34.47
34.48
34.49
34.51
34.52
34.53
34.54
34.55
34.56
34.57
34.58
34.59
34.61
34.62
34.63
34.64
34.65
34.66
34.67
34.68
34.69
34.71
34.72
34.73
34.74
34.75
34.76
34.77
34.78
34.79
34.81
34.82
34.83
34.84
34.85
34.86
34.87
34.88
34.89
34.91
34.92
34.93
34.94
34.95
34.96
34.97
34.98
34.99
35.01
35.02
35.03
35.04
35.05
35.06
35.07
35.08
35.09
35.11
35.12
35.13
35.14
35.15
35.16
35.17
35.18
35.19
35.21
35.22
35.23
35.24
35.25
35.26
35.27
35.28
35.29
35.31
35.32
35.33
35.34
35.35
35.36
35.37
35.38
35.39
35.41
35.42
35.43
35.44
35.45
35.46
35.47
35.48
35.49
35.51
35.52
35.53
35.54
35.55
35.56
35.57
35.58
35.59
35.61
35.62
35.63
35.64
35.65
35.66
35.67
35.68
35.69
35.71
35.72
35.73
35.74
35.75
35.76
35.77
35.78
35.79
35.81
35.82
35.83
35.84
35.85
35.86
35.87
35.88
35.89
35.91
35.92
35.93
35.94
35.95
35.96
35.97
35.98
35.99
36.01
36.02
36.03
36.04
36.05
36.06
36.07
36.08
36.09
36.11
36.12
36.13
36.14
36.15
36.16
36.17
36.18
36.19
36.21
36.22
36.23
36.24
36.25
36.26
36.27
36.28
36.29
36.31
36.32
36.33
36.34
36.35
36.36
36.37
36.38
36.39
36.41
36.42
36.43
36.44
36.45
36.46
36.47
36.48
36.49
36.51
36.52
36.53
36.54
36.55
36.56
36.57
36.58
36.59
36.61
36.62
36.63
36.64
36.65
36.66
36.67
36.68
36.69
36.71
36.72
36.73
36.74
36.75
36.76
36.77
36.78
36.79
36.81
36.82
36.83
36.84
36.85
36.86
36.87
36.88
36.89
36.91
36.92
36.93
36.94
36.95
36.96
36.97
36.98
36.99
37.01
37.02
37.03
37.04
37.05
37.06
37.07
37.08
37.09
37.11
37.12
37.13
37.14
37.15
37.16
37.17
37.18
37.19
37.21
37.22
37.23
37.24
37.25
37.26
37.27
37.28
37.29
37.31
37.32
37.33
37.34
37.35
37.36
37.37
37.38
37.39
37.41
37.42
37.43
37.44
37.45
37.46
37.47
37.48
37.49
37.51
37.52
37.53
37.54
37.55
37.56
37.57
37.58
37.59
37.61
37.62
37.63
37.64
37.65
37.66
37.67
37.68
37.69
37.71
37.72
37.73
37.74
37.75
37.76
37.77
37.78
37.79
37.81
37.82
37.83
37.84
37.85
37.86
37.87
37.88
37.89
37.91
37.92
37.93
37.94
37.95
37.96
37.97
37.98
37.99
38.01
38.02
38.03
38.04
38.05
38.06
38.07
38.08
38.09
38.11
38.12
38.13
38.14
38.15
38.16
38.17
38.18
38.19
38.21
38.22
38.23
38.24
38.25
38.26
38.27
38.28
38.29
38.31
38.32
38.33
38.34
38.35
38.36
38.37
38.38
38.39
38.41
38.42
38.43
38.44
38.45
38.46
38.47
38.48
38.49
38.51
38.52
38.53
38.54
38.55
38.56
38.57
38.58
38.59
38.61
38.62
38.63
38.64
38.65
38.66
38.67
38.68
38.69
38.71
38.72
38.73
38.74
38.75
38.76
38.77
38.78
38.79
38.81
38.82
38.83
38.84
38.85
38.86
38.87
38.88
38.89
38.91
38.92
38.93
38.94
38.95
38.96
38.97
38.98
38.99
39.01
39.02
39.03
39.04
39.05
39.06
39.07
39.08
39.09
39.11
39.12
39.13
39.14
39.15
39.16
39.17
39.18
39.19
39.21
39.22
39.23
39.24
39.25
39.26
39.27
39.28
39.29
39.31
39.32
39.33
39.34
39.35
39.36
39.37
39.38
39.39
39.41
39.42
39.43
39.44
39.45
39.46
39.47
39.48
39.49
39.51
39.52
39.53
39.54
39.55
39.56
39.57
39.58
39.59
39.61
39.62
39.63
39.64
39.65
39.66
39.67
39.68
39.69
39.71
39.72
39.73
39.74
39.75
39.76
39.77
39.78
39.79
39.81
39.82
39.83
39.84
39.85
39.86
39.87
39.88
39.89
39.91
39.92
39.93
39.94
39.95
39.96
39.97
39.98
39.99
40.01
40.02
40.03
40.04
40.05
40.06
40.07
40.08
40.09
40.11
40.12
40.13
40.14
40.15
40.16
40.17
40.18
40.19
40.21
40.22
40.23
40.24
40.25
40.26
40.27
40.28
40.29
40.31
40.32
40.33
40.34
40.35
40.36
40.37
40.38
40.39
40.41
40.42
40.43
40.44
40.45
40.46
40.47
40.48
40.49
40.51
40.52
40.53
40.54
40.55
40.56
40.57
40.58
40.59
40.61
40.62
40.63
40.64
40.65
40.66
40.67
40.68
40.69
40.71
40.72
40.73
40.74
40.75
40.76
40.77
40.78
40.79
40.81
40.82
40.83
40.84
40.85
40.86
40.87
40.88
40.89
40.91
40.92
40.93
40.94
40.95
40.96
40.97
40.98
40.99
41.01
41.02
41.03
41.04
41.05
41.06
41.07
41.08
41.09
41.11
41.12
41.13
41.14
41.15
41.16
41.17
41.18
41.19
41.21
41.22
41.23
41.24
41.25
41.26
41.27
41.28
41.29
41.31
41.32
41.33
41.34
41.35
41.36
41.37
41.38
41.39
41.41
41.42
41.43
41.44
41.45
41.46
41.47
41.48
41.49
41.51
41.52
41.53
41.54
41.55
41.56
41.57
41.58
41.59
41.61
41.62
41.63
41.64
41.65
41.66
41.67
41.68
41.69
41.71
41.72
41.73
41.74
41.75
41.76
41.77
41.78
41.79
41.81
41.82
41.83
41.84
41.85
41.86
41.87
41.88
41.89
41.91
41.92
41.93
41.94
41.95
41.96
41.97
41.98
41.99
42.01
42.02
42.03
42.04
42.05
42.06
42.07
42.08
42.09
42.11
42.12
42.13
42.14
42.15
42.16
42.17
42.18
42.19
42.21
42.22
42.23
42.24
42.25
42.26
42.27
42.28
42.29
42.31
42.32
42.33
42.34
42.35
42.36
42.37
42.38
42.39
42.41
42.42
42.43
42.44
42.45
42.46
42.47
42.48
42.49
42.51
42.52
42.53
42.54
42.55
42.56
42.57
42.58
42.59
42.61
42.62
42.63
42.64
42.65
42.66
42.67
42.68
42.69
42.71
42.72
42.73
42.74
42.75
42.76
42.77
42.78
42.79
42.81
42.82
42.83
42.84
42.85
42.86
42.87
42.88
42.89
42.91
42.92
42.93
42.94
42.95
42.96
42.97
42.98
42.99
43.01
43.02
43.03
43.04
43.05
43.06
43.07
43.08
43.09
43.11
43.12
43.13
43.14
43.15
43.16
43.17
43.18
43.19
43.21
43.22
43.23
43.24
43.25
43.26
43.27
43.28
43.29
43.31
43.32
43.33
43.34
43.35
43.36
43.37
43.38
43.39
43.41
43.42
43.43
43.44
43.45
43.46
43.47
43.48
43.49
43.51
43.52
43.53
43.54
43.55
43.56
43.57
43.58
43.59
43.61
43.62
43.63
43.64
43.65
43.66
43.67
43.68
43.69
43.71
43.72
43.73
43.74
43.75
43.76
43.77
43.78
43.79
43.81
43.82
43.83
43.84
43.85
43.86
43.87
43.88
43.89
43.91
43.92
43.93
43.94
43.95
43.96
43.97
43.98
43.99
44.01
44.02
44.03
44.04
44.05
44.06
44.07
44.08
44.09
44.11
44.12
44.13
44.14
44.15
44.16
44.17
44.18
44.19
44.21
44.22
44.23
44.24
44.25
44.26
44.27
44.28
44.29
44.31
44.32
44.33
44.34
44.35
44.36
44.37
44.38
44.39
44.41
44.42
44.43
44.44
44.45
44.46
44.47
44.48
44.49
44.51
44.52
44.53
44.54
44.55
44.56
44.57
44.58
44.59
44.61
44.62
44.63
44.64
44.65
44.66
44.67
44.68
44.69
44.71
44.72
44.73
44.74
44.75
44.76
44.77
44.78
44.79
44.81
44.82
44.83
44.84
44.85
44.86
44.87
44.88
44.89
44.91
44.92
44.93
44.94
44.95
44.96
44.97
44.98
44.99
45.01
45.02
45.03
45.04
45.05
45.06
45.07
45.08
45.09
45.11
45.12
45.13
45.14
45.15
45.16
45.17
45.18
45.19
45.21
45.22
45.23
45.24
45.25
45.26
45.27
45.28
45.29
45.31
45.32
45.33
45.34
45.35
45.36
45.37
45.38
45.39
45.41
45.42
45.43
45.44
45.45
45.46
45.47
45.48
45.49
45.51
45.52
45.53
45.54
45.55
45.56
45.57
45.58
45.59
45.61
45.62
45.63
45.64
45.65
45.66
45.67
45.68
45.69
45.71
45.72
45.73
45.74
45.75
45.76
45.77
45.78
45.79
45.81
45.82
45.83
45.84
45.85
45.86
45.87
45.88
45.89
45.91
45.92
45.93
45.94
45.95
45.96
45.97
45.98
45.99
46.01
46.02
46.03
46.04
46.05
46.06
46.07
46.08
46.09
46.11
46.12
46.13
46.14
46.15
46.16
46.17
46.18
46.19
46.21
46.22
46.23
46.24
46.25
46.26
46.27
46.28
46.29
46.31
46.32
46.33
46.34
46.35
46.36
46.37
46.38
46.39
46.41
46.42
46.43
46.44
46.45
46.46
46.47
46.48
46.49
46.51
46.52
46.53
46.54
46.55
46.56
46.57
46.58
46.59
46.61
46.62
46.63
46.64
46.65
46.66
46.67
46.68
46.69
46.71
46.72
46.73
46.74
46.75
46.76
46.77
46.78
46.79
46.81
46.82
46.83
46.84
46.85
46.86
46.87
46.88
46.89
46.91
46.92
46.93
46.94
46.95
46.96
46.97
46.98
46.99
47.01
47.02
47.03
47.04
47.05
47.06
47.07
47.08
47.09
47.11
47.12
47.13
47.14
47.15
47.16
47.17
47.18
47.19
47.21
47.22
47.23
47.24
47.25
47.26
47.27
47.28
47.29
47.31
47.32
47.33
47.34
47.35
47.36
47.37
47.38
47.39
47.41
47.42
47.43
47.44
47.45
47.46
47.47
47.48
47.49
47.51
47.52
47.53
47.54
47.55
47.56
47.57
47.58
47.59
47.61
47.62
47.63
47.64
47.65
47.66
47.67
47.68
47.69
47.71
47.72
47.73
47.74
47.75
47.76
47.77
47.78
47.79
47.81
47.82
47.83
47.84
47.85
47.86
47.87
47.88
47.89
47.91
47.92
47.93
47.94
47.95
47.96
47.97
47.98
47.99
48.01
48.02
48.03
48.04
48.05
48.06
48.07
48.08
48.09
48.11
48.12
48.13
48.14
48.15
48.16
48.17
48.18
48.19
48.21
48.22
48.23
48.24
48.25
48.26
48.27
48.28
48.29
48.31
48.32
48.33
48.34
48.35
48.36
48.37
48.38
48.39
48.41
48.42
48.43
48.44
48.45
48.46
48.47
48.48
48.49
48.51
48.52
48.53
48.54
48.55
48.56
48.57
48.58
48.59
48.61
48.62
48.63
48.64
48.65
48.66
48.67
48.68
48.69
48.71
48.72
48.73
48.74
48.75
48.76
48.77
48.78
48.79
48.81
48.82
48.83
48.84
48.85
48.86
48.87
48.88
48.89
48.91
48.92
48.93
48.94
48.95
48.96
48.97
48.98
48.99
49.01
49.02
49.03
49.04
49.05
49.06
49.07
49.08
49.09
49.11
49.12
49.13
49.14
49.15
49.16
49.17
49.18
49.19
49.21
49.22
49.23
49.24
49.25
49.26
49.27
49.28
49.29
49.31
49.32
49.33
49.34
49.35
49.36
49.37
49.38
49.39
49.41
49.42
49.43
49.44
49.45
49.46
49.47
49.48
49.49
49.51
49.52
49.53
49.54
49.55
49.56
49.57
49.58
49.59
49.61
49.62
49.63
49.64
49.65
49.66
49.67
49.68
49.69
49.71
49.72
49.73
49.74
49.75
49.76
49.77
49.78
49.79
49.81
49.82
49.83
49.84
49.85
49.86
49.87
49.88
49.89
49.91
49.92
49.93
49.94
49.95
49.96
49.97
49.98
49.99
50.01
50.02
50.03
50.04
50.05
50.06
50.07
50.08
50.09
50.11
50.12
50.13
50.14
50.15
50.16
50.17
50.18
50.19
50.21
50.22
50.23
50.24
50.25
50.26
50.27
50.28
50.29
50.31
50.32
50.33
50.34
50.35
50.36
50.37
50.38
50.39
50.41
50.42
50.43
50.44
50.45
50.46
50.47
50.48
50.49
50.51
50.52
50.53
50.54
50.55
50.56
50.57
50.58
50.59
50.61
50.62
50.63
50.64
50.65
50.66
50.67
50.68
50.69
50.71
50.72
50.73
50.74
50.75
50.76
50.77
50.78
50.79
50.81
50.82
50.83
50.84
50.85
50.86
50.87
50.88
50.89
50.91
50.92
50.93
50.94
50.95
50.96
50.97
50.98
50.99
51.01
51.02
51.03
51.04
51.05
51.06
51.07
51.08
51.09
51.11
51.12
51.13
51.14
51.15
51.16
51.17
51.18
51.19
51.21
51.22
51.23
51.24
51.25
51.26
51.27
51.28
51.29
51.31
51.32
51.33
51.34
51.35
51.36
51.37
51.38
51.39
51.41
51.42
51.43
51.44
51.45
51.46
51.47
51.48
51.49
51.51
51.52
51.53
51.54
51.55
51.56
51.57
51.58
51.59
51.61
51.62
51.63
51.64
51.65
51.66
51.67
51.68
51.69
51.71
51.72
51.73
51.74
51.75
51.76
51.77
51.78
51.79
51.81
51.82
51.83
51.84
51.85
51.86
51.87
51.88
51.89
51.91
51.92
51.93
51.94
51.95
51.96
51.97
51.98
51.99
52.01
52.02
52.03
52.04
52.05
52.06
52.07
52.08
52.09
52.11
52.12
52.13
52.14
52.15
52.16
52.17
52.18
52.19
52.21
52.22
52.23
52.24
52.25
52.26
52.27
52.28
52.29
52.31
52.32
52.33
52.34
52.35
52.36
52.37
52.38
52.39
52.41
52.42
52.43
52.44
52.45
52.46
52.47
52.48
52.49
52.51
52.52
52.53
52.54
52.55
52.56
52.57
52.58
52.59
52.61
52.62
52.63
52.64
52.65
52.66
52.67
52.68
52.69
52.71
52.72
52.73
52.74
52.75
52.76
52.77
52.78
52.79
52.81
52.82
52.83
52.84
52.85
52.86
52.87
52.88
52.89
52.91
52.92
52.93
52.94
52.95
52.96
52.97
52.98
52.99
53.01
53.02
53.03
53.04
53.05
53.06
53.07
53.08
53.09
53.11
53.12
53.13
53.14
53.15
53.16
53.17
53.18
53.19
53.21
53.22
53.23
53.24
53.25
53.26
53.27
53.28
53.29
53.31
53.32
53.33
53.34
53.35
53.36
53.37
53.38
53.39
53.41
53.42
53.43
53.44
53.45
53.46
53.47
53.48
53.49
53.51
53.52
53.53
53.54
53.55
53.56
53.57
53.58
53.59
53.61
53.62
53.63
53.64
53.65
53.66
53.67
53.68
53.69
53.71
53.72
53.73
53.74
53.75
53.76
53.77
53.78
53.79
53.81
53.82
53.83
53.84
53.85
53.86
53.87
53.88
53.89
53.91
53.92
53.93
53.94
53.95
53.96
53.97
53.98
53.99
54.01
54.02
54.03
54.04
54.05
54.06
54.07
54.08
54.09
54.11
54.12
54.13
54.14
54.15
54.16
54.17
54.18
54.19
54.21
54.22
54.23
54.24
54.25
54.26
54.27
54.28
54.29
54.31
54.32
54.33
54.34
54.35
54.36
54.37
54.38
54.39
54.41
54.42
54.43
54.44
54.45
54.46
54.47
54.48
54.49
54.51
54.52
54.53
54.54
54.55
54.56
54.57
54.58
54.59
54.61
54.62
54.63
54.64
54.65
54.66
54.67
54.68
54.69
54.71
54.72
54.73
54.74
54.75
54.76
54.77
54.78
54.79
54.81
54.82
54.83
54.84
54.85
54.86
54.87
54.88
54.89
54.91
54.92
54.93
54.94
54.95
54.96
54.97
54.98
54.99
55.01
55.02
55.03
55.04
55.05
55.06
55.07
55.08
55.09
55.11
55.12
55.13
55.14
55.15
55.16
55.17
55.18
55.19
55.21
55.22
55.23
55.24
55.25
55.26
55.27
55.28
55.29
55.31
55.32
55.33
55.34
55.35
55.36
55.37
55.38
55.39
55.41
55.42
55.43
55.44
55.45
55.46
55.47
55.48
55.49
55.51
55.52
55.53
55.54
55.55
55.56
55.57
55.58
55.59
55.61
55.62
55.63
55.64
55.65
55.66
55.67
55.68
55.69
55.71
55.72
55.73
55.74
55.75
55.76
55.77
55.78
55.79
55.81
55.82
55.83
55.84
55.85
55.86
55.87
55.88
55.89
55.91
55.92
55.93
55.94
55.95
55.96
55.97
55.98
55.99
56.01
56.02
56.03
56.04
56.05
56.06
56.07
56.08
56.09
56.11
56.12
56.13
56.14
56.15
56.16
56.17
56.18
56.19
56.21
56.22
56.23
56.24
56.25
56.26
56.27
56.28
56.29
56.31
56.32
56.33
56.34
56.35
56.36
56.37
56.38
56.39
56.41
56.42
56.43
56.44
56.45
56.46
56.47
56.48
56.49
56.51
56.52
56.53
56.54
56.55
56.56
56.57
56.58
56.59
56.61
56.62
56.63
56.64
56.65
56.66
56.67
56.68
56.69
56.71
56.72
56.73
56.74
56.75
56.76
56.77
56.78
56.79
56.81
56.82
56.83
56.84
56.85
56.86
56.87
56.88
56.89
56.91
56.92
56.93
56.94
56.95
56.96
56.97
56.98
56.99
57.01
57.02
57.03
57.04
57.05
57.06
57.07
57.08
57.09
57.11
57.12
57.13
57.14
57.15
57.16
57.17
57.18
57.19
57.21
57.22
57.23
57.24
57.25
57.26
57.27
57.28
57.29
57.31
57.32
57.33
57.34
57.35
57.36
57.37
57.38
57.39
57.41
57.42
57.43
57.44
57.45
57.46
57.47
57.48
57.49
57.51
57.52
57.53
57.54
57.55
57.56
57.57
57.58
57.59
57.61
57.62
57.63
57.64
57.65
57.66
57.67
57.68
57.69
57.71
57.72
57.73
57.74
57.75
57.76
57.77
57.78
57.79
57.81
57.82
57.83
57.84
57.85
57.86
57.87
57.88
57.89
57.91
57.92
57.93
57.94
57.95
57.96
57.97
57.98
57.99
58.01
58.02
58.03
58.04
58.05
58.06
58.07
58.08
58.09
58.11
58.12
58.13
58.14
58.15
58.16
58.17
58.18
58.19
58.21
58.22
58.23
58.24
58.25
58.26
58.27
58.28
58.29
58.31
58.32
58.33
58.34
58.35
58.36
58.37
58.38
58.39
58.41
58.42
58.43
58.44
58.45
58.46
58.47
58.48
58.49
58.51
58.52
58.53
58.54
58.55
58.56
58.57
58.58
58.59
58.61
58.62
58.63
58.64
58.65
58.66
58.67
58.68
58.69
58.71
58.72
58.73
58.74
58.75
58.76
58.77
58.78
58.79
58.81
58.82
58.83
58.84
58.85
58.86
58.87
58.88
58.89
58.91
58.92
58.93
58.94
58.95
58.96
58.97
58.98
58.99
59.01
59.02
59.03
59.04
59.05
59.06
59.07
59.08
59.09
59.11
59.12
59.13
59.14
59.15
59.16
59.17
59.18
59.19
59.21
59.22
59.23
59.24
59.25
59.26
59.27
59.28
59.29
59.31
59.32
59.33
59.34
59.35
59.36
59.37
59.38
59.39
59.41
59.42
59.43
59.44
59.45
59.46
59.47
59.48
59.49
59.51
59.52
59.53
59.54
59.55
59.56
59.57
59.58
59.59
59.61
59.62
59.63
59.64
59.65
59.66
59.67
59.68
59.69
59.71
59.72
59.73
59.74
59.75
59.76
59.77
59.78
59.79
59.81
59.82
59.83
59.84
59.85
59.86
59.87
59.88
59.89
59.91
59.92
59.93
59.94
59.95
59.96
59.97
59.98
59.99
